patient0076_0209 0 0.8182 188 276 203 298
patient0076_0210 0 0.8297 187 276 204 299
patient0076_0211 0 0.8470 186 275 204 300
patient0076_0212 0 0.8556 185 273 205 302
patient0076_0213 0 0.8645 185 272 206 303
patient0076_0214 0 0.8709 185 271 207 304
patient0076_0215 0 0.8726 185 271 207 305
patient0076_0216 0 0.8663 184 270 208 305
patient0076_0217 0 0.8678 183 269 208 305
patient0076_0218 0 0.8764 183 268 208 306
patient0076_0219 0 0.8815 182 267 209 307
patient0076_0220 0 0.8867 181 266 210 307
patient0076_0221 0 0.8892 180 265 210 308
patient0076_0222 0 0.8896 179 258 211 308
patient0076_0223 0 0.8869 179 257 214 308
patient0076_0224 0 0.9102 179 256 225 308
patient0076_0225 0 0.9141 178 256 227 307
patient0076_0226 0 0.9157 177 256 228 308
patient0076_0227 0 0.9151 177 257 228 308
patient0076_0228 0 0.9175 177 257 228 308
patient0076_0229 0 0.9205 176 256 229 308
patient0076_0230 0 0.9244 176 256 229 308
patient0076_0231 0 0.9247 175 256 230 309
patient0076_0232 0 0.9239 175 255 230 308
patient0076_0233 0 0.9236 175 254 230 308
patient0076_0234 0 0.9235 174 254 230 308
patient0076_0235 0 0.9199 174 254 230 308
patient0076_0236 0 0.9136 174 255 230 308
patient0076_0237 0 0.8969 190 261 229 308
patient0076_0238 0 0.9001 191 261 229 308
patient0076_0239 0 0.8985 192 262 229 309
patient0076_0240 0 0.9043 193 261 229 309
patient0076_0241 0 0.8981 195 261 229 309
patient0076_0242 0 0.8837 199 261 230 308
patient0076_0243 0 0.8860 201 261 231 308
patient0076_0244 0 0.8876 200 261 233 309
patient0076_0245 0 0.8796 200 261 235 309
patient0076_0246 0 0.8906 198 262 237 309
patient0076_0247 0 0.8893 197 262 238 310
patient0076_0248 0 0.8825 197 261 237 309
patient0076_0249 0 0.8940 196 261 236 309
patient0076_0250 0 0.8956 196 261 236 309
patient0076_0251 0 0.8977 195 261 236 308
patient0076_0252 0 0.8926 195 261 236 308
patient0076_0253 0 0.8865 194 260 236 308
patient0076_0254 0 0.8965 193 261 236 307
patient0076_0255 0 0.9000 193 261 236 307
patient0076_0256 0 0.8897 192 262 236 307
patient0076_0257 0 0.8579 192 262 236 307
patient0076_0257 0 0.5470 210 262 236 281
patient0076_0258 0 0.7198 211 262 236 280
patient0076_0259 0 0.6023 212 262 236 279
patient0076_0260 0 0.5854 214 262 233 277
patient0076_0261 0 0.6857 213 262 232 275
patient0076_0262 0 0.6916 214 262 231 275
patient0076_0263 0 0.7015 215 262 230 273
patient0076_0264 0 0.6803 216 262 230 273
patient0076_0265 0 0.6820 215 262 229 273
patient0076_0266 0 0.7118 215 261 228 272
patient0076_0267 0 0.7134 215 260 228 272
patient0076_0268 0 0.7041 215 260 227 272
patient0076_0269 0 0.7278 215 260 226 272
patient0076_0270 0 0.7445 214 260 226 272
patient0076_0271 0 0.7530 214 260 225 272
patient0076_0272 0 0.7432 213 259 225 272
patient0076_0273 0 0.6865 212 259 224 272
patient0076_0274 0 0.6762 212 261 223 272
patient0076_0275 0 0.6894 212 261 222 273
patient0076_0276 0 0.6287 211 261 221 273
patient0076_0277 0 0.6097 211 262 220 273
patient0076_0278 0 0.5790 211 263 219 272
patient0076_0279 0 0.5547 211 262 218 272
patient0076_0283 0 0.5414 194 270 219 300
patient0076_0284 0 0.7049 195 273 218 299
patient0076_0285 0 0.6499 194 271 217 298
patient0076_0286 0 0.5358 193 270 216 298
patient0076_0287 0 0.5491 193 270 217 297
patient0077_0158 0 0.4105 212 237 226 261
patient0077_0159 0 0.7583 212 238 226 262
patient0077_0160 0 0.8338 212 237 227 263
patient0077_0161 0 0.8289 210 235 230 267
patient0077_0162 0 0.8482 208 233 231 269
patient0077_0163 0 0.8652 206 232 233 270
patient0077_0164 0 0.8842 205 231 235 271
patient0077_0165 0 0.8853 206 230 236 272
patient0077_0166 0 0.8848 205 229 237 272
patient0077_0167 0 0.8996 204 209 254 273
patient0077_0168 0 0.8998 201 209 255 273
patient0077_0169 0 0.9037 200 209 256 274
patient0077_0170 0 0.9191 199 209 257 274
patient0077_0171 0 0.9193 198 209 258 274
patient0077_0172 0 0.9203 195 207 259 274
patient0077_0173 0 0.9125 195 207 260 274
patient0077_0174 0 0.8953 194 208 262 274
patient0077_0175 0 0.8963 193 208 262 274
patient0077_0176 0 0.9019 192 207 262 273
patient0077_0177 0 0.9043 192 207 262 273
patient0077_0178 0 0.9087 192 207 263 274
patient0077_0179 0 0.9102 191 206 263 274
patient0077_0180 0 0.9043 190 206 263 274
patient0077_0181 0 0.9087 190 206 264 274
patient0077_0182 0 0.9020 191 206 264 274
patient0077_0183 0 0.8522 210 205 264 274
patient0077_0184 0 0.6962 229 205 264 273
patient0077_0185 0 0.8603 233 204 265 274
patient0077_0186 0 0.8640 233 205 271 275
patient0077_0187 0 0.8729 233 205 272 274
patient0077_0188 0 0.8648 233 205 277 273
patient0077_0189 0 0.8854 232 204 278 272
patient0077_0190 0 0.8787 231 204 279 273
patient0077_0191 0 0.8752 230 203 282 273
patient0077_0192 0 0.8764 229 202 281 274
patient0077_0193 0 0.8621 228 202 280 274
patient0077_0194 0 0.8288 228 201 276 275
patient0077_0195 0 0.8043 227 202 274 275
patient0077_0195 0 0.2671 240 201 273 229
patient0077_0196 0 0.7140 226 202 274 275
patient0077_0196 0 0.6517 239 202 271 228
patient0077_0197 0 0.7424 240 202 270 225
patient0077_0197 0 0.3886 224 202 275 274
patient0077_0198 0 0.7441 239 202 269 224
patient0077_0198 0 0.3469 222 203 273 274
patient0077_0199 0 0.7151 237 201 269 223
patient0077_0199 0 0.3552 222 202 275 273
patient0077_0200 0 0.6691 236 201 269 223
patient0077_0201 0 0.6646 236 202 265 222
patient0077_0202 0 0.5954 236 204 258 223
patient0077_0202 0 0.4513 237 203 260 219
patient0077_0203 0 0.6296 237 203 257 219
patient0077_0204 0 0.6870 238 203 258 217
patient0077_0205 0 0.6884 237 203 256 216
patient0077_0206 0 0.6532 239 203 256 215
patient0077_0207 0 0.6628 236 204 253 215
patient0077_0208 0 0.6483 236 204 252 214
patient0077_0209 0 0.6534 237 204 252 213
patient0077_0210 0 0.6823 236 202 251 214
patient0077_0211 0 0.6687 235 201 249 214
patient0077_0212 0 0.6862 235 203 249 214
patient0077_0213 0 0.4736 233 202 247 214
patient0077_0214 0 0.4359 233 202 248 215
patient0077_0214 0 0.2958 234 204 250 216
patient0077_0215 0 0.5428 234 205 249 217
patient0077_0216 0 0.5574 234 205 248 218
patient0077_0217 0 0.5316 234 206 248 220
patient0077_0218 0 0.2994 235 207 247 221
patient0077_0235 0 0.2776 240 277 267 301
patient0078_0108 0 0.3556 176 257 203 288
patient0078_0109 0 0.3853 176 258 203 288
patient0078_0110 0 0.2795 175 259 201 296
patient0078_0170 0 0.3702 202 270 212 291
patient0078_0172 0 0.7989 188 262 209 294
patient0078_0173 0 0.8490 187 261 208 293
patient0078_0174 0 0.8524 188 261 207 294
patient0078_0175 0 0.8270 188 260 207 296
patient0078_0176 0 0.7858 186 259 206 297
patient0078_0177 0 0.8029 187 260 207 298
patient0078_0178 0 0.8258 186 259 207 300
patient0078_0179 0 0.7854 186 259 209 301
patient0078_0180 0 0.7205 185 257 208 302
patient0078_0181 0 0.7280 184 256 209 304
patient0078_0182 0 0.8009 182 255 218 305
patient0078_0183 0 0.8147 183 254 216 305
patient0078_0184 0 0.8481 183 253 211 306
patient0078_0185 0 0.8744 182 251 211 307
patient0078_0186 0 0.8848 182 251 212 308
patient0078_0187 0 0.8730 180 250 212 309
patient0078_0188 0 0.8643 179 250 212 309
patient0078_0189 0 0.8569 178 250 213 309
patient0078_0190 0 0.8383 176 249 211 310
patient0078_0190 0 0.7530 176 249 227 310
patient0078_0191 0 0.8861 177 248 228 311
patient0078_0192 0 0.8948 176 245 231 311
patient0078_0193 0 0.9127 175 243 234 311
patient0078_0194 0 0.9196 174 241 236 312
patient0078_0195 0 0.9211 174 241 237 312
patient0078_0196 0 0.9231 173 242 237 313
patient0078_0197 0 0.9233 172 242 238 313
patient0078_0198 0 0.9240 170 241 238 313
patient0078_0199 0 0.9208 169 241 238 314
patient0078_0200 0 0.9204 170 242 238 314
patient0078_0201 0 0.9200 168 242 239 314
patient0078_0202 0 0.9189 168 244 239 314
patient0078_0203 0 0.9126 168 245 240 314
patient0078_0204 0 0.8682 169 246 240 314
patient0078_0205 0 0.8400 190 257 240 313
patient0078_0206 0 0.8581 188 258 240 313
patient0078_0207 0 0.8991 187 258 240 313
patient0078_0208 0 0.8872 187 259 240 313
patient0078_0209 0 0.8696 186 260 240 313
patient0078_0210 0 0.6430 185 261 241 314
patient0078_0210 0 0.2779 209 261 241 305
patient0078_0211 0 0.5817 209 262 243 304
patient0078_0211 0 0.3843 183 262 242 315
patient0078_0212 0 0.7626 209 263 247 304
patient0078_0213 0 0.8157 209 263 247 303
patient0078_0214 0 0.8128 210 264 246 301
patient0078_0215 0 0.7175 209 264 244 301
patient0078_0216 0 0.6777 209 263 239 296
patient0078_0216 0 0.5165 209 263 239 287
patient0078_0217 0 0.6450 210 263 239 289
patient0078_0218 0 0.4306 213 261 240 288
patient0078_0219 0 0.4369 215 261 240 287
patient0078_0220 0 0.5509 215 262 240 285
patient0078_0221 0 0.3161 215 262 239 282
patient0078_0222 0 0.4301 213 262 239 283
patient0078_0225 0 0.4996 215 262 243 284
patient0078_0226 0 0.5358 215 263 242 284
patient0078_0227 0 0.5268 222 264 242 283
patient0078_0228 0 0.6458 220 263 242 283
patient0078_0229 0 0.7066 222 262 241 281
patient0078_0230 0 0.7475 226 260 240 282
patient0078_0231 0 0.6452 226 261 239 281
patient0078_0232 0 0.6165 224 261 238 281
patient0078_0232 0 0.3170 217 261 238 279
patient0078_0233 0 0.6107 217 261 237 277
patient0078_0234 0 0.6693 216 262 233 276
patient0078_0235 0 0.6777 216 262 233 276
patient0078_0236 0 0.6551 217 262 232 275
patient0078_0237 0 0.6160 216 262 230 275
patient0078_0238 0 0.6739 216 262 227 274
patient0078_0239 0 0.7082 215 262 226 274
patient0078_0240 0 0.6501 216 262 226 274
patient0078_0241 0 0.3758 216 262 225 274
patient0079_0071 0 0.2681 168 502 201 511
patient0079_0115 0 0.3297 272 335 283 347
patient0079_0133 0 0.4220 233 286 286 332
patient0079_0152 0 0.6862 207 263 231 290
patient0079_0153 0 0.7602 206 259 231 290
patient0079_0154 0 0.8391 206 256 232 290
patient0079_0155 0 0.8589 205 252 232 291
patient0079_0156 0 0.8649 202 251 233 292
patient0079_0157 0 0.8840 201 251 233 293
patient0079_0158 0 0.8853 201 248 233 294
patient0079_0159 0 0.8772 202 248 232 295
patient0079_0160 0 0.8455 202 249 233 296
patient0079_0161 0 0.8129 201 250 234 296
patient0079_0162 0 0.7956 201 249 233 296
patient0079_0163 0 0.7944 201 249 232 297
patient0079_0164 0 0.8381 200 248 231 298
patient0079_0165 0 0.8613 200 246 231 299
patient0079_0166 0 0.8662 200 246 232 299
patient0079_0167 0 0.8683 200 245 232 299
patient0079_0168 0 0.8441 198 244 233 299
patient0079_0169 0 0.8482 196 242 242 300
patient0079_0170 0 0.9033 196 241 245 301
patient0079_0171 0 0.8997 195 240 247 302
patient0079_0172 0 0.9114 194 240 248 302
patient0079_0173 0 0.9229 192 240 249 302
patient0079_0174 0 0.9264 191 240 249 303
patient0079_0175 0 0.9267 190 240 249 303
patient0079_0176 0 0.9274 189 240 251 303
patient0079_0177 0 0.9164 188 241 252 303
patient0079_0178 0 0.9026 187 240 252 304
patient0079_0179 0 0.8682 185 239 252 300
patient0079_0179 0 0.3066 225 248 253 300
patient0079_0180 0 0.8448 217 248 253 301
patient0079_0181 0 0.8910 213 248 254 306
patient0079_0182 0 0.8925 211 249 257 306
patient0079_0183 0 0.8871 210 249 259 307
patient0079_0184 0 0.8819 208 250 259 307
patient0079_0185 0 0.8459 207 251 259 307
patient0079_0185 0 0.4707 228 251 260 291
patient0079_0186 0 0.8176 206 251 259 308
patient0079_0186 0 0.4832 228 252 262 292
patient0079_0187 0 0.7002 228 252 265 291
patient0079_0187 0 0.6128 205 252 261 308
patient0079_0188 0 0.8207 228 252 266 291
patient0079_0189 0 0.8396 227 252 263 288
patient0079_0190 0 0.8365 227 251 263 287
patient0079_0191 0 0.8646 228 251 261 280
patient0079_0192 0 0.8683 229 251 260 279
patient0079_0193 0 0.8325 229 250 259 278
patient0079_0194 0 0.8327 229 251 259 277
patient0079_0195 0 0.7764 228 249 259 274
patient0079_0196 0 0.7606 228 249 258 273
patient0079_0197 0 0.7832 228 250 258 271
patient0079_0198 0 0.7808 228 250 257 271
patient0079_0199 0 0.7803 228 249 257 270
patient0079_0200 0 0.7810 228 248 256 269
patient0079_0201 0 0.7474 228 248 255 268
patient0079_0202 0 0.7548 229 250 255 268
patient0079_0203 0 0.6974 231 249 254 267
patient0079_0204 0 0.6615 237 247 254 267
patient0079_0205 0 0.6491 235 249 253 266
patient0079_0206 0 0.6751 234 251 252 266
patient0079_0207 0 0.6911 232 252 250 266
patient0079_0208 0 0.6984 232 254 247 265
patient0079_0209 0 0.6906 233 255 245 265
patient0079_0209 0 0.2776 215 254 245 309
patient0079_0210 0 0.7192 233 255 244 264
patient0079_0211 0 0.6696 217 254 244 308
patient0079_0211 0 0.2600 234 255 244 264
patient0079_0212 0 0.7860 217 255 242 307
patient0079_0213 0 0.4586 218 254 241 307
patient0079_0235 0 0.6549 255 319 271 348
patient0079_0236 0 0.3464 256 319 270 342
patient0079_0236 0 0.3373 257 319 270 334
patient0079_0237 0 0.2754 258 318 270 332
patient0079_0238 0 0.4405 257 318 271 338
patient0079_0239 0 0.4590 259 317 278 345
patient0079_0240 0 0.6684 260 320 281 343
patient0079_0241 0 0.7276 261 320 282 341
patient0079_0242 0 0.6603 264 322 281 339
patient0080_0116 0 0.2803 175 364 193 379
patient0080_0151 0 0.4522 257 314 284 354
patient0080_0174 0 0.3425 196 333 212 352
patient0080_0175 0 0.7691 191 326 213 352
patient0080_0176 0 0.8264 190 325 216 353
patient0080_0177 0 0.8415 190 324 217 355
patient0080_0178 0 0.8788 189 324 218 355
patient0080_0179 0 0.8798 187 321 220 356
patient0080_0180 0 0.8582 187 303 221 357
patient0080_0180 0 0.6088 187 321 220 357
patient0080_0181 0 0.8654 186 300 225 358
patient0080_0182 0 0.8920 185 299 230 358
patient0080_0183 0 0.8368 185 296 233 358
patient0080_0184 0 0.8967 184 304 234 359
patient0080_0185 0 0.9021 183 302 235 359
patient0080_0186 0 0.9089 181 302 235 359
patient0080_0187 0 0.9181 181 302 235 359
patient0080_0188 0 0.9239 180 302 237 359
patient0080_0189 0 0.9232 178 299 238 359
patient0080_0190 0 0.9253 177 299 238 358
patient0080_0191 0 0.9182 177 299 238 359
patient0080_0192 0 0.8912 175 299 238 359
patient0080_0193 0 0.8565 198 298 239 360
patient0080_0194 0 0.8646 199 299 240 360
patient0080_0195 0 0.8650 204 298 240 360
patient0080_0196 0 0.8568 207 299 240 362
patient0080_0197 0 0.8304 209 297 248 362
patient0080_0198 0 0.8530 209 295 246 362
patient0080_0199 0 0.8685 209 296 245 362
patient0080_0200 0 0.8625 209 296 249 361
patient0080_0201 0 0.8740 208 297 251 362
patient0080_0202 0 0.7934 207 297 251 361
patient0080_0202 0 0.6617 215 297 252 333
patient0080_0203 0 0.8242 215 298 251 331
patient0080_0204 0 0.8336 216 298 251 330
patient0080_0205 0 0.8230 216 299 251 329
patient0080_0205 0 0.3832 205 298 250 361
patient0080_0206 0 0.7602 202 298 250 361
patient0080_0206 0 0.4858 216 298 251 327
patient0080_0207 0 0.6757 203 298 249 361
patient0080_0207 0 0.6530 217 298 249 325
patient0080_0208 0 0.6688 221 299 247 320
patient0080_0208 0 0.2966 203 298 247 361
patient0080_0209 0 0.8049 219 299 246 320
patient0080_0210 0 0.7098 221 299 246 318
patient0080_0211 0 0.7203 223 300 243 316
patient0080_0212 0 0.7207 225 299 242 315
patient0080_0213 0 0.7555 227 300 240 314
patient0080_0214 0 0.7096 227 300 239 314
patient0080_0215 0 0.6954 223 299 238 313
patient0080_0216 0 0.6811 223 298 236 312
patient0080_0217 0 0.6598 223 300 236 312
patient0080_0218 0 0.5009 224 300 236 312
patient0080_0218 0 0.4940 223 298 234 311
patient0080_0219 0 0.3297 222 299 233 309
patient0081_0138 0 0.2658 304 225 339 263
patient0081_0161 0 0.6514 244 311 275 336
patient0081_0162 0 0.4490 243 301 275 336
patient0081_0163 0 0.3053 242 303 275 334
patient0081_0199 0 0.7758 219 279 230 303
patient0081_0200 0 0.8192 218 276 231 304
patient0081_0201 0 0.8189 218 274 232 306
patient0081_0202 0 0.8116 218 272 233 308
patient0081_0203 0 0.8135 218 269 235 310
patient0081_0204 0 0.8429 217 268 237 311
patient0081_0205 0 0.8713 218 267 238 311
patient0081_0206 0 0.8587 218 267 239 312
patient0081_0207 0 0.8669 217 255 261 313
patient0081_0207 0 0.4968 217 265 240 314
patient0081_0208 0 0.8870 217 254 264 314
patient0081_0209 0 0.9136 215 254 266 314
patient0081_0210 0 0.9141 214 253 267 315
patient0081_0211 0 0.9112 214 252 269 315
patient0081_0212 0 0.9060 215 252 269 317
patient0081_0213 0 0.9140 214 254 270 317
patient0081_0214 0 0.9187 212 254 270 317
patient0081_0215 0 0.9153 212 254 271 318
patient0081_0216 0 0.9154 212 254 272 318
patient0081_0217 0 0.9235 211 255 273 317
patient0081_0218 0 0.9226 211 254 273 318
patient0081_0219 0 0.9193 211 254 273 318
patient0081_0220 0 0.9175 210 256 274 319
patient0081_0221 0 0.9183 208 256 275 319
patient0081_0222 0 0.9170 209 256 275 319
patient0081_0223 0 0.9148 208 257 275 319
patient0081_0224 0 0.9109 207 256 275 319
patient0081_0225 0 0.9100 206 255 275 319
patient0081_0226 0 0.9099 207 255 276 320
patient0081_0227 0 0.8709 207 256 275 320
patient0081_0227 0 0.6885 228 263 275 320
patient0081_0228 0 0.8892 228 263 276 320
patient0081_0228 0 0.3497 205 257 277 320
patient0081_0229 0 0.8911 227 262 276 320
patient0081_0230 0 0.8905 226 263 277 320
patient0081_0231 0 0.8681 226 263 281 319
patient0081_0232 0 0.8790 227 263 281 319
patient0081_0233 0 0.8682 227 263 280 318
patient0081_0233 0 0.6099 262 263 282 305
patient0081_0234 0 0.8745 227 265 280 319
patient0081_0234 0 0.6692 261 265 281 301
patient0081_0235 0 0.8716 227 266 280 318
patient0081_0235 0 0.2511 251 266 281 301
patient0081_0236 0 0.8587 227 265 279 318
patient0081_0237 0 0.8288 226 264 279 319
patient0081_0237 0 0.4214 249 265 280 294
patient0081_0238 0 0.6669 251 264 279 289
patient0081_0239 0 0.7308 251 262 279 288
patient0081_0240 0 0.6796 262 264 279 287
patient0081_0240 0 0.2649 253 263 279 287
patient0081_0241 0 0.6591 259 264 279 287
patient0081_0242 0 0.6581 256 264 278 286
patient0081_0243 0 0.6923 254 265 278 285
patient0081_0244 0 0.7611 256 266 277 284
patient0081_0245 0 0.7717 257 265 276 283
patient0081_0246 0 0.7593 257 266 275 282
patient0081_0247 0 0.6660 255 267 273 279
patient0081_0248 0 0.6583 254 267 270 278
patient0081_0249 0 0.6988 258 266 270 278
patient0081_0250 0 0.6318 258 264 270 277
patient0081_0251 0 0.6088 257 260 269 277
patient0081_0252 0 0.6337 257 260 267 276
patient0081_0253 0 0.6660 256 260 266 277
patient0081_0254 0 0.6659 255 262 265 276
patient0081_0255 0 0.6933 254 263 264 275
patient0081_0256 0 0.7004 254 262 263 275
patient0081_0257 0 0.6321 252 261 262 275
patient0081_0258 0 0.4323 252 262 260 275
patient0082_0007 0 0.2953 137 410 218 512
patient0082_0008 0 0.2619 15 303 98 405
patient0082_0171 0 0.2669 208 330 224 348
patient0082_0172 0 0.2674 207 330 224 348
patient0082_0175 0 0.3491 204 327 221 346
patient0082_0190 0 0.3046 192 313 204 329
patient0082_0191 0 0.7091 192 312 205 331
patient0082_0192 0 0.8021 191 311 207 333
patient0082_0193 0 0.8296 189 310 208 335
patient0082_0194 0 0.8356 189 309 209 335
patient0082_0195 0 0.8469 189 307 210 336
patient0082_0196 0 0.8762 188 304 211 337
patient0082_0197 0 0.8868 186 303 211 338
patient0082_0198 0 0.8798 186 303 211 338
patient0082_0199 0 0.8690 185 303 211 338
patient0082_0200 0 0.8604 184 288 219 339
patient0082_0201 0 0.8917 183 288 226 339
patient0082_0202 0 0.9052 181 288 228 340
patient0082_0203 0 0.9074 181 289 229 340
patient0082_0204 0 0.9151 181 289 229 340
patient0082_0205 0 0.9205 180 288 230 340
patient0082_0206 0 0.9226 180 287 230 340
patient0082_0207 0 0.9203 178 286 230 341
patient0082_0208 0 0.9189 178 286 231 341
patient0082_0209 0 0.9201 177 287 232 341
patient0082_0210 0 0.9190 176 286 232 341
patient0082_0211 0 0.9066 176 285 232 341
patient0082_0212 0 0.8830 175 285 232 341
patient0082_0212 0 0.6889 175 288 216 341
patient0082_0213 0 0.8753 174 287 229 342
patient0082_0214 0 0.8943 174 289 234 342
patient0082_0215 0 0.9032 175 288 234 342
patient0082_0216 0 0.9086 174 288 234 342
patient0082_0217 0 0.8537 173 287 235 342
patient0082_0218 0 0.6994 190 287 235 343
patient0082_0219 0 0.7708 197 289 235 343
patient0082_0220 0 0.7904 196 287 235 344
patient0082_0221 0 0.7869 198 286 235 344
patient0082_0222 0 0.8124 202 284 235 344
patient0082_0223 0 0.8589 201 284 234 344
patient0082_0224 0 0.8307 201 284 234 344
patient0082_0225 0 0.7927 202 283 235 344
patient0082_0226 0 0.6289 203 294 236 344
patient0082_0227 0 0.6035 203 291 236 344
patient0082_0228 0 0.6569 203 284 236 344
patient0082_0229 0 0.7669 207 283 234 345
patient0082_0230 0 0.7985 208 281 234 345
patient0082_0231 0 0.8051 207 281 235 345
patient0082_0232 0 0.8358 208 281 238 345
patient0082_0233 0 0.8199 206 280 240 345
patient0082_0234 0 0.8091 204 280 239 345
patient0082_0235 0 0.8076 205 279 239 344
patient0082_0236 0 0.8076 204 279 241 344
patient0082_0237 0 0.8177 203 280 242 345
patient0082_0238 0 0.8329 203 280 242 345
patient0082_0239 0 0.8122 203 280 241 344
patient0082_0240 0 0.8064 202 280 239 345
patient0082_0241 0 0.8193 202 280 241 345
patient0082_0242 0 0.8124 202 280 242 345
patient0082_0243 0 0.8052 202 280 239 344
patient0082_0244 0 0.7931 201 281 239 344
patient0082_0244 0 0.3913 219 281 238 303
patient0082_0245 0 0.6625 219 281 238 302
patient0082_0245 0 0.5881 200 282 240 343
patient0082_0246 0 0.7133 220 282 237 299
patient0082_0247 0 0.6534 220 281 236 297
patient0082_0247 0 0.2566 199 282 239 342
patient0082_0248 0 0.6601 218 280 235 296
patient0082_0248 0 0.6221 197 283 239 342
patient0082_0249 0 0.7113 218 280 235 296
patient0082_0249 0 0.4553 196 281 238 341
patient0082_0250 0 0.7256 218 279 234 295
patient0082_0250 0 0.3666 197 281 237 341
patient0082_0251 0 0.7172 216 279 233 294
patient0082_0251 0 0.4932 197 281 234 341
patient0082_0252 0 0.7031 215 279 231 293
patient0082_0252 0 0.2826 197 281 233 341
patient0082_0253 0 0.6241 215 280 229 292
patient0082_0254 0 0.5434 214 279 229 292
patient0082_0255 0 0.5323 213 279 228 292
patient0082_0256 0 0.5333 213 279 228 292
patient0082_0257 0 0.3668 213 279 228 293
patient0082_0261 0 0.3785 214 281 225 295
patient0082_0263 0 0.2670 210 281 224 296
patient0082_0265 0 0.3305 211 285 221 298
patient0082_0266 0 0.4822 212 288 221 299
patient0082_0267 0 0.5961 212 288 221 300
patient0082_0268 0 0.6748 211 288 220 302
patient0082_0269 0 0.5158 211 288 220 304
patient0082_0299 0 0.3778 215 334 244 376
patient0082_0299 0 0.3169 220 334 244 351
patient0082_0299 0 0.2928 226 333 244 348
patient0082_0300 0 0.3703 226 334 244 348
patient0082_0300 0 0.3487 221 334 244 353
patient0082_0300 0 0.3180 217 334 244 368
patient0082_0300 0 0.2904 217 334 244 357
patient0082_0301 0 0.4292 228 335 245 349
patient0082_0301 0 0.3709 217 334 245 373
patient0082_0301 0 0.3369 221 335 245 356
patient0082_0302 0 0.4691 228 335 245 349
patient0082_0302 0 0.3998 223 335 246 361
patient0082_0302 0 0.3962 219 335 246 368
patient0082_0303 0 0.4561 221 335 246 367
patient0082_0303 0 0.4094 227 335 246 355
patient0082_0304 0 0.3715 226 335 247 358
patient0082_0304 0 0.3280 222 335 247 364
patient0082_0305 0 0.3155 224 335 248 361
patient0082_0361 0 0.3204 503 363 512 399
patient0083_0008 0 0.3022 250 496 275 511
patient0083_0170 0 0.4525 188 500 216 511
patient0083_0171 0 0.4662 188 500 215 511
patient0083_0172 0 0.4053 189 500 214 511
patient0083_0240 0 0.4998 213 273 225 298
patient0083_0241 0 0.2973 213 273 225 299
patient0083_0244 0 0.8018 208 272 225 297
patient0083_0245 0 0.8223 207 272 225 297
patient0083_0246 0 0.8374 207 272 225 298
patient0083_0247 0 0.8348 206 270 226 299
patient0083_0248 0 0.8297 206 269 226 300
patient0083_0249 0 0.8369 206 267 226 302
patient0083_0250 0 0.8504 205 267 226 302
patient0083_0251 0 0.8590 204 267 226 303
patient0083_0252 0 0.8578 204 267 226 304
patient0083_0253 0 0.8334 204 268 227 305
patient0083_0254 0 0.8540 203 255 238 305
patient0083_0255 0 0.8625 203 255 238 306
patient0083_0256 0 0.8646 202 252 240 306
patient0083_0257 0 0.8821 200 250 244 307
patient0083_0258 0 0.8961 199 252 244 307
patient0083_0259 0 0.9101 198 254 245 307
patient0083_0260 0 0.9106 197 253 246 307
patient0083_0261 0 0.9069 196 251 246 308
patient0083_0262 0 0.8989 196 251 246 308
patient0083_0263 0 0.8927 196 251 247 308
patient0083_0264 0 0.8949 196 252 247 308
patient0083_0265 0 0.9065 195 252 248 308
patient0083_0266 0 0.9114 194 252 249 308
patient0083_0267 0 0.8998 194 252 249 309
patient0083_0268 0 0.9078 193 253 250 309
patient0083_0269 0 0.9039 193 253 250 310
patient0083_0270 0 0.8958 193 253 250 310
patient0083_0271 0 0.9051 192 253 251 311
patient0083_0272 0 0.9050 192 253 251 311
patient0083_0273 0 0.8539 191 252 257 311
patient0083_0274 0 0.8645 192 252 262 311
patient0083_0275 0 0.8748 192 253 261 311
patient0083_0276 0 0.8396 194 253 260 311
patient0083_0277 0 0.7600 196 253 262 311
patient0083_0278 0 0.6020 197 254 263 312
patient0083_0279 0 0.7939 214 254 263 313
patient0083_0280 0 0.8132 214 256 263 313
patient0083_0281 0 0.8196 213 256 263 313
patient0083_0282 0 0.8213 212 257 263 313
patient0083_0283 0 0.8094 211 258 263 312
patient0083_0284 0 0.8087 210 258 263 312
patient0083_0285 0 0.8174 209 257 263 312
patient0083_0286 0 0.8261 209 257 262 312
patient0083_0287 0 0.7590 209 257 262 312
patient0083_0287 0 0.4570 232 257 263 286
patient0083_0288 0 0.7035 231 257 263 285
patient0083_0288 0 0.4203 208 257 261 311
patient0083_0289 0 0.7531 231 257 262 284
patient0083_0290 0 0.7537 232 256 262 283
patient0083_0291 0 0.7461 233 256 262 282
patient0083_0292 0 0.6835 235 256 261 280
patient0083_0293 0 0.5384 236 256 261 280
patient0083_0294 0 0.5596 233 256 260 279
patient0083_0294 0 0.2960 240 255 261 280
patient0083_0295 0 0.5547 235 256 260 279
patient0083_0296 0 0.5670 236 256 259 277
patient0083_0297 0 0.6061 238 256 258 275
patient0083_0298 0 0.5530 236 256 257 274
patient0083_0299 0 0.5978 238 256 256 274
patient0083_0300 0 0.6859 239 256 256 273
patient0083_0301 0 0.7216 239 256 256 273
patient0083_0302 0 0.7471 238 255 256 273
patient0083_0303 0 0.7498 238 255 256 273
patient0083_0304 0 0.7284 237 256 255 272
patient0083_0305 0 0.7140 236 257 253 271
patient0083_0306 0 0.7340 236 258 252 270
patient0083_0307 0 0.7244 235 257 251 270
patient0083_0308 0 0.6813 235 258 249 269
patient0083_0309 0 0.6545 235 258 249 269
patient0083_0310 0 0.6616 235 257 247 268
patient0083_0311 0 0.6359 234 257 246 268
patient0083_0312 0 0.6476 234 258 246 268
patient0083_0313 0 0.6282 234 259 245 269
patient0083_0314 0 0.5358 234 259 244 268
patient0083_0339 0 0.3166 269 303 278 318
patient0084_0102 0 0.4308 216 244 245 282
patient0084_0142 0 0.7548 179 228 197 250
patient0084_0143 0 0.7570 180 226 198 251
patient0084_0144 0 0.8123 177 223 199 253
patient0084_0145 0 0.8482 176 222 200 254
patient0084_0146 0 0.8468 176 220 201 255
patient0084_0147 0 0.8491 176 220 202 257
patient0084_0148 0 0.8596 175 219 202 258
patient0084_0149 0 0.8574 174 218 202 258
patient0084_0150 0 0.8515 174 217 203 259
patient0084_0151 0 0.8371 175 217 202 260
patient0084_0152 0 0.8623 174 216 202 260
patient0084_0153 0 0.8559 172 214 202 260
patient0084_0154 0 0.8521 171 214 203 261
patient0084_0155 0 0.8624 171 213 203 262
patient0084_0156 0 0.8751 170 212 203 262
patient0084_0157 0 0.8614 169 205 204 263
patient0084_0158 0 0.8953 168 208 213 263
patient0084_0159 0 0.9123 167 207 215 264
patient0084_0160 0 0.9145 166 206 216 264
patient0084_0161 0 0.9104 165 205 218 264
patient0084_0162 0 0.9098 164 206 218 264
patient0084_0163 0 0.9093 164 206 219 264
patient0084_0164 0 0.9135 164 208 221 265
patient0084_0165 0 0.9128 164 208 222 264
patient0084_0166 0 0.9116 162 208 221 264
patient0084_0167 0 0.9165 162 209 222 264
patient0084_0168 0 0.9097 162 210 222 265
patient0084_0169 0 0.9037 160 210 223 265
patient0084_0170 0 0.8914 171 211 224 266
patient0084_0171 0 0.7796 187 211 224 265
patient0084_0172 0 0.8514 187 211 223 266
patient0084_0173 0 0.8317 188 212 229 265
patient0084_0174 0 0.6537 187 212 233 265
patient0084_0174 0 0.3244 190 211 235 249
patient0084_0175 0 0.5533 186 212 233 266
patient0084_0175 0 0.5456 192 212 235 248
patient0084_0176 0 0.6712 206 212 235 246
patient0084_0176 0 0.5677 186 212 233 265
patient0084_0176 0 0.5438 192 213 235 246
patient0084_0177 0 0.7951 202 212 234 244
patient0084_0178 0 0.7793 201 212 232 242
patient0084_0179 0 0.7711 201 212 232 241
patient0084_0180 0 0.7885 201 212 231 240
patient0084_0181 0 0.7957 200 212 231 239
patient0084_0182 0 0.7790 200 211 231 237
patient0084_0183 0 0.7767 200 210 231 237
patient0084_0184 0 0.7638 200 209 230 236
patient0084_0185 0 0.7398 200 210 229 233
patient0084_0186 0 0.7138 200 210 228 231
patient0084_0187 0 0.7097 200 210 227 231
patient0084_0188 0 0.7381 200 211 226 231
patient0084_0189 0 0.6905 200 211 226 230
patient0084_0190 0 0.5564 201 211 225 229
patient0084_0191 0 0.5684 200 209 224 228
patient0084_0192 0 0.6504 199 210 223 228
patient0084_0193 0 0.5880 200 211 223 228
patient0084_0194 0 0.4740 204 212 221 227
patient0084_0195 0 0.5438 206 212 220 225
patient0084_0196 0 0.6527 204 211 220 225
patient0084_0197 0 0.6843 202 212 218 225
patient0084_0198 0 0.6726 201 212 217 225
patient0084_0199 0 0.6790 201 213 216 225
patient0084_0200 0 0.7288 202 213 215 224
patient0084_0201 0 0.7412 201 214 214 224
patient0084_0202 0 0.7551 201 214 213 224
patient0084_0203 0 0.7662 201 214 213 225
patient0084_0204 0 0.7230 201 215 212 226
patient0084_0205 0 0.6608 201 216 211 227
patient0084_0274 0 0.6476 194 298 230 330
patient0084_0275 0 0.6791 195 297 230 329
patient0084_0276 0 0.6176 194 294 230 328
patient0084_0277 0 0.2818 194 290 230 329
patient0085_0098 0 0.2626 196 280 221 301
patient0085_0142 0 0.2938 147 496 174 511
patient0085_0217 0 0.5373 195 285 206 301
patient0085_0218 0 0.8370 193 284 207 303
patient0085_0219 0 0.8248 192 282 208 304
patient0085_0220 0 0.8325 191 279 209 305
patient0085_0221 0 0.8518 190 278 209 305
patient0085_0222 0 0.8722 189 277 210 306
patient0085_0223 0 0.8785 189 276 211 306
patient0085_0224 0 0.8646 188 259 228 306
patient0085_0224 0 0.6463 188 276 211 306
patient0085_0225 0 0.9100 188 259 231 307
patient0085_0226 0 0.9170 187 259 232 307
patient0085_0227 0 0.9176 186 260 233 307
patient0085_0228 0 0.9177 185 260 234 308
patient0085_0229 0 0.9167 184 259 234 308
patient0085_0230 0 0.9167 184 258 235 308
patient0085_0231 0 0.9201 183 258 236 309
patient0085_0232 0 0.9221 183 258 236 309
patient0085_0233 0 0.9193 181 258 237 309
patient0085_0234 0 0.9257 181 258 237 309
patient0085_0235 0 0.9276 181 258 237 310
patient0085_0236 0 0.9287 180 259 238 310
patient0085_0237 0 0.9301 180 259 238 310
patient0085_0238 0 0.9313 179 259 238 310
patient0085_0239 0 0.9321 178 259 237 310
patient0085_0240 0 0.9314 177 259 238 310
patient0085_0241 0 0.9304 176 259 238 310
patient0085_0242 0 0.9292 176 259 237 310
patient0085_0243 0 0.9252 175 259 237 310
patient0085_0244 0 0.9194 174 258 238 311
patient0085_0245 0 0.9195 174 258 238 311
patient0085_0246 0 0.9174 174 259 238 311
patient0085_0247 0 0.8991 174 259 238 311
patient0085_0248 0 0.8621 200 259 237 311
patient0085_0248 0 0.4237 175 259 237 311
patient0085_0249 0 0.9038 200 260 237 311
patient0085_0250 0 0.9075 201 260 238 311
patient0085_0251 0 0.8975 202 260 237 312
patient0085_0252 0 0.8887 204 260 237 312
patient0085_0253 0 0.8921 208 259 237 312
patient0085_0254 0 0.8919 208 259 237 312
patient0085_0255 0 0.8857 209 258 238 311
patient0085_0256 0 0.8788 210 258 238 312
patient0085_0257 0 0.8363 209 258 241 312
patient0085_0258 0 0.8467 211 257 247 313
patient0085_0259 0 0.8639 211 257 249 312
patient0085_0260 0 0.8760 211 257 249 313
patient0085_0261 0 0.8831 211 257 247 313
patient0085_0262 0 0.8926 211 258 246 313
patient0085_0263 0 0.8912 211 258 246 313
patient0085_0264 0 0.8832 211 256 246 313
patient0085_0265 0 0.8820 211 255 245 313
patient0085_0266 0 0.8753 210 255 245 312
patient0085_0267 0 0.8634 210 255 244 313
patient0085_0268 0 0.8774 209 256 244 313
patient0085_0269 0 0.8730 209 256 244 314
patient0085_0270 0 0.8839 208 256 243 314
patient0085_0271 0 0.8913 208 256 243 313
patient0085_0272 0 0.8857 208 256 243 313
patient0085_0273 0 0.8692 208 256 242 313
patient0085_0274 0 0.8615 207 256 241 313
patient0085_0275 0 0.8541 205 256 241 313
patient0085_0276 0 0.8604 205 256 240 313
patient0085_0277 0 0.8501 205 256 238 313
patient0085_0278 0 0.8453 204 256 236 312
patient0085_0279 0 0.8373 203 256 236 312
patient0085_0280 0 0.8186 203 256 235 312
patient0085_0281 0 0.7915 202 255 237 311
patient0085_0281 0 0.3604 223 254 237 267
patient0085_0282 0 0.8188 202 255 236 311
patient0085_0282 0 0.3164 223 254 237 267
patient0085_0283 0 0.8260 201 256 234 311
patient0085_0284 0 0.8179 201 256 233 311
patient0085_0284 0 0.3014 223 254 235 266
patient0085_0285 0 0.7725 200 256 234 311
patient0085_0285 0 0.4429 222 254 234 266
patient0085_0286 0 0.6503 221 254 233 266
patient0085_0286 0 0.3330 200 256 234 310
patient0085_0287 0 0.6637 221 254 232 265
patient0085_0288 0 0.6577 221 254 232 265
patient0085_0289 0 0.6736 221 254 231 265
patient0085_0290 0 0.6838 222 254 231 265
patient0085_0291 0 0.6059 221 254 231 265
patient0085_0291 0 0.2560 222 255 232 266
patient0085_0292 0 0.4080 221 253 230 265
patient0085_0293 0 0.3985 220 253 229 265
patient0085_0294 0 0.4094 220 253 229 265
patient0085_0296 0 0.2944 216 252 226 263
patient0086_0177 0 0.3595 229 282 242 300
patient0086_0179 0 0.6719 229 280 246 304
patient0086_0180 0 0.6393 227 276 247 305
patient0086_0181 0 0.6114 224 268 249 307
patient0086_0182 0 0.8247 223 266 250 308
patient0086_0183 0 0.8657 222 266 251 309
patient0086_0184 0 0.8576 222 264 252 309
patient0086_0185 0 0.8230 223 263 254 309
patient0086_0186 0 0.8765 222 262 253 309
patient0086_0187 0 0.8750 220 262 254 309
patient0086_0188 0 0.8835 220 261 256 310
patient0086_0189 0 0.9033 219 260 256 311
patient0086_0190 0 0.9083 218 259 257 311
patient0086_0191 0 0.9056 217 258 258 311
patient0086_0192 0 0.8907 217 257 259 312
patient0086_0193 0 0.8363 216 257 264 313
patient0086_0194 0 0.8729 216 256 268 313
patient0086_0195 0 0.8570 213 255 270 314
patient0086_0196 0 0.8781 214 252 272 314
patient0086_0197 0 0.8939 214 248 275 315
patient0086_0198 0 0.9102 214 250 276 315
patient0086_0199 0 0.9141 213 250 277 315
patient0086_0200 0 0.9131 212 252 278 315
patient0086_0201 0 0.9184 211 252 279 315
patient0086_0202 0 0.9222 210 251 279 316
patient0086_0203 0 0.9180 210 250 279 316
patient0086_0204 0 0.9176 209 249 280 316
patient0086_0205 0 0.9142 208 249 283 316
patient0086_0206 0 0.7126 240 262 284 317
patient0086_0206 0 0.3899 216 261 285 317
patient0086_0207 0 0.7543 242 262 286 318
patient0086_0208 0 0.7261 240 262 288 318
patient0086_0209 0 0.8595 236 263 293 320
patient0086_0210 0 0.8597 235 263 294 320
patient0086_0211 0 0.8342 234 263 295 320
patient0086_0212 0 0.8033 236 263 294 320
patient0086_0212 0 0.3674 258 263 295 304
patient0086_0213 0 0.8043 260 263 294 301
patient0086_0213 0 0.2800 233 263 292 320
patient0086_0214 0 0.8192 260 264 294 299
patient0086_0214 0 0.4684 233 263 292 319
patient0086_0215 0 0.8193 260 264 293 295
patient0086_0216 0 0.7952 259 264 292 293
patient0086_0217 0 0.7483 259 262 291 291
patient0086_0218 0 0.7172 259 262 291 290
patient0086_0219 0 0.6905 258 263 291 290
patient0086_0220 0 0.7167 260 263 290 288
patient0086_0221 0 0.6105 261 260 289 287
patient0086_0222 0 0.6669 263 255 289 286
patient0086_0223 0 0.6824 263 255 288 285
patient0086_0224 0 0.7122 270 256 287 282
patient0086_0225 0 0.6721 268 257 287 281
patient0086_0226 0 0.6470 267 258 285 281
patient0086_0227 0 0.6385 264 261 285 281
patient0086_0228 0 0.5552 255 262 284 281
patient0086_0229 0 0.5620 269 262 282 279
patient0086_0230 0 0.6839 268 262 281 278
patient0086_0231 0 0.6162 269 262 281 279
patient0086_0232 0 0.5819 267 263 281 278
patient0086_0233 0 0.6577 262 265 277 276
patient0086_0234 0 0.6917 262 264 276 276
patient0086_0235 0 0.7025 263 264 275 275
patient0086_0236 0 0.6832 262 264 274 275
patient0086_0237 0 0.7083 261 264 272 275
patient0086_0238 0 0.7208 260 265 271 275
patient0086_0239 0 0.7403 259 264 271 276
patient0086_0240 0 0.6189 256 264 271 277
patient0086_0241 0 0.6516 254 266 268 277
patient0086_0242 0 0.6031 253 266 266 277
patient0086_0243 0 0.6520 252 266 264 277
patient0086_0244 0 0.6132 252 266 265 279
patient0086_0247 0 0.5544 251 268 264 283
patient0086_0248 0 0.5212 250 268 262 282
patient0086_0249 0 0.5738 249 267 260 282
patient0086_0250 0 0.2694 247 268 259 282
patient0086_0254 0 0.6283 212 287 255 323
patient0086_0298 0 0.5869 128 269 164 312
patient0086_0299 0 0.4230 127 269 165 312
patient0086_0300 0 0.3364 128 270 165 312
patient0087_0016 0 0.6108 302 445 326 472
patient0087_0062 0 0.4811 0 205 12 231
patient0087_0158 0 0.7732 180 224 203 250
patient0087_0159 0 0.8372 178 216 204 251
patient0087_0160 0 0.8583 178 215 206 253
patient0087_0161 0 0.8516 177 215 208 255
patient0087_0162 0 0.8847 177 214 208 256
patient0087_0163 0 0.8926 176 214 207 256
patient0087_0164 0 0.8966 175 213 208 257
patient0087_0165 0 0.8881 175 212 208 258
patient0087_0166 0 0.8860 174 210 208 259
patient0087_0167 0 0.8763 172 191 224 259
patient0087_0168 0 0.9015 171 193 226 259
patient0087_0169 0 0.9042 172 192 226 259
patient0087_0170 0 0.9118 171 192 227 259
patient0087_0171 0 0.9137 169 192 228 259
patient0087_0172 0 0.9166 168 192 229 259
patient0087_0173 0 0.9178 168 192 229 258
patient0087_0174 0 0.9195 168 192 229 259
patient0087_0175 0 0.9236 167 193 230 260
patient0087_0176 0 0.9228 167 193 231 260
patient0087_0177 0 0.9246 167 193 230 259
patient0087_0178 0 0.9246 165 193 230 259
patient0087_0179 0 0.9199 164 192 231 259
patient0087_0180 0 0.9150 164 192 232 259
patient0087_0181 0 0.9174 164 193 232 258
patient0087_0182 0 0.9152 163 193 231 258
patient0087_0183 0 0.9179 161 193 231 258
patient0087_0184 0 0.9215 161 193 232 258
patient0087_0185 0 0.7884 161 193 232 258
patient0087_0185 0 0.6506 194 193 231 258
patient0087_0186 0 0.8600 196 193 232 258
patient0087_0187 0 0.8638 201 192 233 259
patient0087_0188 0 0.8600 201 192 236 259
patient0087_0189 0 0.8701 201 191 240 258
patient0087_0190 0 0.8804 200 192 241 259
patient0087_0191 0 0.8789 200 192 243 259
patient0087_0192 0 0.8746 198 191 244 260
patient0087_0193 0 0.8578 198 191 245 260
patient0087_0194 0 0.8303 198 193 245 259
patient0087_0195 0 0.8335 197 193 244 260
patient0087_0196 0 0.8260 196 193 244 260
patient0087_0197 0 0.8038 195 192 244 259
patient0087_0197 0 0.3758 213 192 245 232
patient0087_0198 0 0.6897 195 191 242 259
patient0087_0198 0 0.5423 214 191 243 228
patient0087_0199 0 0.5950 215 192 242 224
patient0087_0199 0 0.5145 194 191 241 259
patient0087_0200 0 0.7666 213 193 242 222
patient0087_0201 0 0.7953 212 194 241 219
patient0087_0202 0 0.7020 213 197 238 217
patient0087_0203 0 0.6116 214 196 237 215
patient0087_0204 0 0.6407 215 196 233 213
patient0087_0205 0 0.6356 214 197 233 213
patient0087_0206 0 0.6667 214 197 231 212
patient0087_0207 0 0.6768 214 197 230 211
patient0087_0208 0 0.7001 216 197 230 211
patient0087_0209 0 0.7146 216 198 229 210
patient0087_0210 0 0.6953 215 199 228 210
patient0087_0211 0 0.6634 215 199 226 209
patient0087_0212 0 0.6695 214 199 225 209
patient0087_0213 0 0.6979 214 198 225 210
patient0087_0214 0 0.6807 213 198 224 210
patient0087_0215 0 0.4444 212 198 224 210
patient0087_0244 0 0.5275 246 269 265 294
patient0087_0245 0 0.4856 247 270 267 293
patient0088_0120 0 0.3803 270 266 296 296
patient0088_0160 0 0.8182 188 293 208 321
patient0088_0161 0 0.8673 188 292 208 323
patient0088_0162 0 0.8728 186 291 210 324
patient0088_0163 0 0.8848 185 288 211 326
patient0088_0164 0 0.8892 184 287 212 327
patient0088_0165 0 0.8971 182 286 213 328
patient0088_0166 0 0.8991 181 284 213 328
patient0088_0167 0 0.9005 181 282 214 328
patient0088_0168 0 0.9015 181 280 214 328
patient0088_0169 0 0.8991 181 278 215 328
patient0088_0170 0 0.9002 181 277 215 328
patient0088_0171 0 0.7936 181 273 225 329
patient0088_0172 0 0.8866 180 266 232 329
patient0088_0173 0 0.9020 180 267 237 329
patient0088_0174 0 0.9153 178 266 238 329
patient0088_0175 0 0.9075 177 266 242 330
patient0088_0176 0 0.9027 176 267 243 330
patient0088_0177 0 0.9074 176 268 244 330
patient0088_0178 0 0.9128 174 268 245 330
patient0088_0179 0 0.9160 173 268 245 331
patient0088_0180 0 0.9172 171 267 244 331
patient0088_0181 0 0.9201 171 266 244 332
patient0088_0182 0 0.9217 171 267 244 332
patient0088_0183 0 0.9207 170 267 245 332
patient0088_0184 0 0.8925 166 268 245 334
patient0088_0185 0 0.8989 190 275 244 335
patient0088_0186 0 0.8935 193 274 245 335
patient0088_0187 0 0.8416 196 274 245 334
patient0088_0188 0 0.8632 203 274 245 334
patient0088_0189 0 0.8735 205 274 245 333
patient0088_0190 0 0.8694 203 274 245 334
patient0088_0191 0 0.8723 203 275 246 335
patient0088_0192 0 0.8754 203 274 246 335
patient0088_0193 0 0.8704 202 273 252 334
patient0088_0194 0 0.8374 200 273 251 333
patient0088_0195 0 0.8845 200 272 251 333
patient0088_0196 0 0.8707 199 273 250 334
patient0088_0197 0 0.8473 197 272 249 334
patient0088_0197 0 0.4154 228 271 250 303
patient0088_0198 0 0.8179 199 271 247 332
patient0088_0199 0 0.7967 198 270 246 332
patient0088_0199 0 0.2638 229 267 247 296
patient0088_0200 0 0.6614 216 268 246 294
patient0088_0200 0 0.3245 228 267 246 295
patient0088_0201 0 0.7076 230 267 247 293
patient0088_0201 0 0.5885 221 267 247 293
patient0088_0202 0 0.6661 231 268 248 292
patient0088_0203 0 0.7119 230 268 247 290
patient0088_0204 0 0.7560 228 267 245 289
patient0088_0205 0 0.7237 226 269 245 289
patient0088_0206 0 0.6506 224 269 244 289
patient0088_0207 0 0.5332 224 268 241 285
patient0088_0208 0 0.6476 222 266 240 284
patient0088_0209 0 0.7115 222 269 239 284
patient0088_0210 0 0.7119 223 269 239 282
patient0088_0211 0 0.7457 224 266 238 282
patient0088_0212 0 0.7609 222 266 237 281
patient0088_0213 0 0.7634 221 267 236 282
patient0088_0214 0 0.7692 221 267 235 282
patient0088_0215 0 0.7648 219 266 233 281
patient0088_0216 0 0.7381 218 267 233 281
patient0088_0217 0 0.7238 218 267 232 281
patient0088_0218 0 0.7209 216 267 230 280
patient0088_0219 0 0.7258 216 268 229 280
patient0088_0220 0 0.6513 215 269 227 281
patient0088_0221 0 0.6694 216 270 227 282
patient0088_0222 0 0.7322 215 270 226 282
patient0088_0223 0 0.7207 214 270 226 283
patient0088_0224 0 0.6692 215 273 225 285
patient0088_0225 0 0.6105 214 274 224 286
patient0089_0177 0 0.7542 205 293 233 317
patient0089_0178 0 0.8064 208 290 232 319
patient0089_0179 0 0.7931 204 284 231 318
patient0089_0180 0 0.8288 203 281 231 318
patient0089_0181 0 0.8308 203 280 231 318
patient0089_0182 0 0.6836 203 276 231 319
patient0089_0183 0 0.7542 202 274 231 319
patient0089_0184 0 0.7925 203 272 231 320
patient0089_0185 0 0.8441 201 271 231 321
patient0089_0186 0 0.8376 200 270 231 320
patient0089_0187 0 0.8179 197 269 230 321
patient0089_0188 0 0.8265 198 262 231 322
patient0089_0189 0 0.8891 197 260 232 322
patient0089_0190 0 0.8950 196 259 237 322
patient0089_0191 0 0.9026 193 255 241 322
patient0089_0192 0 0.9119 192 256 247 322
patient0089_0193 0 0.9170 191 255 249 322
patient0089_0194 0 0.9077 190 254 249 323
patient0089_0195 0 0.8850 187 254 252 324
patient0089_0196 0 0.9003 186 254 251 324
patient0089_0197 0 0.9014 186 255 251 324
patient0089_0198 0 0.7649 197 262 252 324
patient0089_0199 0 0.9005 199 265 255 324
patient0089_0200 0 0.9064 200 265 255 324
patient0089_0201 0 0.9032 202 265 255 325
patient0089_0202 0 0.8927 203 264 256 325
patient0089_0203 0 0.8859 206 266 256 325
patient0089_0204 0 0.8845 207 266 256 325
patient0089_0205 0 0.8875 208 267 256 325
patient0089_0206 0 0.8804 211 268 258 325
patient0089_0207 0 0.8765 213 267 258 325
patient0089_0208 0 0.8514 215 268 257 325
patient0089_0209 0 0.7841 216 267 257 326
patient0089_0210 0 0.8236 214 268 258 326
patient0089_0211 0 0.8620 213 268 257 326
patient0089_0212 0 0.8759 212 268 257 327
patient0089_0213 0 0.8951 212 268 256 327
patient0089_0214 0 0.9123 212 268 256 327
patient0089_0215 0 0.9106 210 268 256 327
patient0089_0216 0 0.9043 209 268 255 327
patient0089_0217 0 0.9043 208 268 255 327
patient0089_0218 0 0.8862 207 268 256 327
patient0089_0219 0 0.8598 206 267 257 326
patient0089_0220 0 0.8547 204 266 259 326
patient0089_0221 0 0.7859 202 265 260 326
patient0089_0221 0 0.3937 227 264 261 315
patient0089_0222 0 0.7979 200 264 262 326
patient0089_0222 0 0.5513 227 263 263 311
patient0089_0223 0 0.8356 227 262 262 300
patient0089_0224 0 0.8540 228 262 261 299
patient0089_0225 0 0.6680 228 262 259 296
patient0089_0225 0 0.2867 227 262 257 285
patient0089_0226 0 0.7386 228 261 258 289
patient0089_0227 0 0.7883 228 258 258 284
patient0089_0228 0 0.7806 229 258 256 282
patient0089_0229 0 0.7634 229 258 257 280
patient0089_0230 0 0.6500 230 258 257 279
patient0089_0231 0 0.6386 237 258 255 276
patient0089_0232 0 0.6322 237 258 253 273
patient0089_0233 0 0.6436 237 257 252 273
patient0089_0234 0 0.6851 235 257 248 271
patient0089_0235 0 0.7231 231 256 247 270
patient0089_0236 0 0.7075 231 256 246 269
patient0089_0237 0 0.6243 231 255 245 269
patient0089_0238 0 0.6651 227 255 243 269
patient0089_0239 0 0.6338 227 255 242 268
patient0089_0240 0 0.6784 229 255 242 268
patient0089_0241 0 0.5405 228 255 241 268
patient0089_0242 0 0.6133 228 256 239 269
patient0089_0242 0 0.3048 246 276 255 286
patient0089_0244 0 0.3307 228 257 239 270
patient0089_0245 0 0.5499 227 257 238 271
patient0089_0246 0 0.3937 224 255 237 271
patient0089_0252 0 0.2532 216 262 228 279
patient0089_0275 0 0.3101 226 319 246 335
patient0089_0276 0 0.3892 227 319 247 335
patient0089_0277 0 0.5065 229 319 248 335
patient0089_0278 0 0.4707 233 319 250 335
patient0089_0279 0 0.3944 233 320 250 336
patient0089_0280 0 0.3140 230 321 253 337
patient0090_0169 0 0.3385 219 215 233 238
patient0090_0170 0 0.7546 217 210 235 239
patient0090_0171 0 0.8372 216 207 237 241
patient0090_0172 0 0.7829 216 205 241 242
patient0090_0173 0 0.7828 215 203 243 244
patient0090_0174 0 0.7423 215 202 244 246
patient0090_0175 0 0.6564 213 199 246 247
patient0090_0176 0 0.6787 212 194 247 248
patient0090_0177 0 0.6420 210 189 260 249
patient0090_0177 0 0.5200 210 194 246 249
patient0090_0178 0 0.8592 211 184 272 251
patient0090_0179 0 0.8904 209 184 274 252
patient0090_0180 0 0.8862 208 184 273 253
patient0090_0181 0 0.8927 209 185 273 253
patient0090_0182 0 0.8946 209 184 274 253
patient0090_0183 0 0.8967 209 184 275 253
patient0090_0184 0 0.9093 208 185 275 254
patient0090_0185 0 0.9024 207 184 275 253
patient0090_0186 0 0.9144 206 184 276 254
patient0090_0187 0 0.9253 204 184 276 254
patient0090_0188 0 0.9247 204 183 276 255
patient0090_0189 0 0.9220 204 182 277 255
patient0090_0190 0 0.9244 204 181 277 255
patient0090_0191 0 0.9253 203 182 277 255
patient0090_0192 0 0.9238 204 183 278 255
patient0090_0193 0 0.9213 204 184 278 255
patient0090_0194 0 0.9203 205 184 279 255
patient0090_0195 0 0.9078 204 183 279 255
patient0090_0196 0 0.9072 204 183 280 254
patient0090_0197 0 0.6854 236 185 289 254
patient0090_0198 0 0.7971 237 184 295 254
patient0090_0199 0 0.8549 235 184 295 254
patient0090_0200 0 0.8799 237 183 294 253
patient0090_0201 0 0.8952 235 183 293 252
patient0090_0202 0 0.8719 233 182 294 253
patient0090_0203 0 0.8717 232 183 293 252
patient0090_0204 0 0.8778 231 184 293 251
patient0090_0205 0 0.8577 231 185 293 252
patient0090_0205 0 0.3040 272 183 292 216
patient0090_0206 0 0.8065 230 184 293 252
patient0090_0206 0 0.5064 269 183 294 216
patient0090_0207 0 0.6545 270 184 293 213
patient0090_0207 0 0.4813 231 184 292 252
patient0090_0208 0 0.6349 270 183 290 210
patient0090_0209 0 0.5743 269 184 288 209
patient0090_0209 0 0.2778 230 183 287 250
patient0090_0210 0 0.6683 268 183 286 207
patient0090_0211 0 0.6414 268 182 285 206
patient0090_0212 0 0.6240 267 181 282 203
patient0090_0213 0 0.5212 262 183 281 202
patient0090_0214 0 0.4113 262 183 280 201
patient0090_0214 0 0.2829 258 182 283 204
patient0090_0215 0 0.5291 264 183 279 200
patient0090_0216 0 0.6334 265 182 277 198
patient0090_0217 0 0.6817 265 182 276 198
patient0090_0218 0 0.6792 265 183 276 197
patient0090_0219 0 0.6238 263 182 275 197
patient0090_0220 0 0.5806 262 183 273 197
patient0090_0221 0 0.4517 261 182 271 196
patient0090_0222 0 0.5734 259 183 270 196
patient0090_0223 0 0.6247 258 183 270 197
patient0090_0224 0 0.5537 259 184 269 198
patient0091_0030 0 0.4012 415 323 434 360
patient0091_0031 0 0.5945 414 323 434 362
patient0091_0119 0 0.4015 224 471 258 511
patient0091_0120 0 0.3008 224 472 258 511
patient0091_0121 0 0.6321 224 473 259 510
patient0091_0122 0 0.5147 224 475 259 510
patient0091_0194 0 0.4113 229 260 244 278
patient0091_0195 0 0.7890 228 259 247 280
patient0091_0196 0 0.8222 227 259 249 281
patient0091_0197 0 0.8301 225 257 251 282
patient0091_0198 0 0.8404 224 256 252 284
patient0091_0199 0 0.8400 222 256 252 284
patient0091_0200 0 0.8182 222 254 254 285
patient0091_0201 0 0.8393 221 252 254 286
patient0091_0202 0 0.8280 220 251 254 287
patient0091_0203 0 0.7701 219 250 254 286
patient0091_0204 0 0.7176 219 249 255 286
patient0091_0205 0 0.7581 216 249 254 286
patient0091_0206 0 0.7947 215 238 253 287
patient0091_0207 0 0.8533 215 238 253 288
patient0091_0208 0 0.8814 215 236 253 289
patient0091_0209 0 0.8641 213 238 253 289
patient0091_0210 0 0.8518 212 239 254 289
patient0091_0211 0 0.8769 210 239 258 289
patient0091_0212 0 0.8764 210 238 263 289
patient0091_0213 0 0.9030 210 238 265 289
patient0091_0214 0 0.9099 209 239 265 289
patient0091_0215 0 0.8845 206 238 265 289
patient0091_0216 0 0.8119 232 240 265 289
patient0091_0216 0 0.7190 216 239 265 289
patient0091_0217 0 0.8641 232 238 265 289
patient0091_0218 0 0.8403 233 240 265 290
patient0091_0219 0 0.8290 233 241 266 291
patient0091_0220 0 0.8137 234 241 266 291
patient0091_0221 0 0.8458 234 240 265 290
patient0091_0222 0 0.8329 231 240 265 290
patient0091_0223 0 0.8034 233 239 265 290
patient0091_0224 0 0.8654 235 239 264 291
patient0091_0225 0 0.8735 235 240 264 291
patient0091_0226 0 0.8695 236 240 264 291
patient0091_0227 0 0.8469 237 239 264 291
patient0091_0228 0 0.8350 238 236 265 291
patient0091_0229 0 0.8199 236 237 265 291
patient0091_0230 0 0.7978 237 237 266 291
patient0091_0231 0 0.7755 239 236 265 291
patient0091_0232 0 0.7574 239 234 266 290
patient0091_0233 0 0.6409 237 234 269 291
patient0091_0234 0 0.7860 236 234 270 292
patient0091_0235 0 0.7888 236 235 271 292
patient0091_0236 0 0.6467 236 235 277 292
patient0091_0237 0 0.7917 235 233 278 292
patient0091_0238 0 0.8046 234 232 274 292
patient0091_0239 0 0.7981 234 233 272 292
patient0091_0240 0 0.8310 234 233 270 292
patient0091_0241 0 0.7880 234 233 270 292
patient0091_0242 0 0.5108 250 233 269 255
patient0091_0242 0 0.3103 234 233 270 292
patient0091_0243 0 0.6964 251 232 268 254
patient0091_0244 0 0.7323 251 232 268 254
patient0091_0245 0 0.7398 250 234 268 253
patient0091_0246 0 0.7543 250 235 268 253
patient0091_0247 0 0.7782 248 235 268 253
patient0091_0248 0 0.7657 246 235 268 253
patient0091_0249 0 0.7501 246 236 268 251
patient0091_0250 0 0.7535 246 236 266 250
patient0091_0251 0 0.7016 247 235 264 248
patient0091_0252 0 0.6726 247 236 262 247
patient0091_0253 0 0.6659 247 236 261 246
patient0091_0254 0 0.6693 246 236 260 245
patient0091_0255 0 0.6411 246 236 259 245
patient0091_0256 0 0.6461 246 236 259 245
patient0091_0257 0 0.6542 245 236 258 244
patient0091_0258 0 0.6516 244 236 256 244
patient0091_0259 0 0.5764 243 236 255 244
patient0091_0260 0 0.4304 243 236 253 244
patient0091_0261 0 0.4544 242 236 252 244
patient0091_0262 0 0.4865 241 236 253 245
patient0091_0263 0 0.2901 239 233 253 245
patient0091_0265 0 0.3870 242 238 253 247
patient0091_0265 0 0.3028 241 235 252 247
patient0091_0266 0 0.5613 242 238 252 248
patient0091_0267 0 0.6496 242 239 252 249
patient0091_0268 0 0.6705 240 239 254 252
patient0091_0268 0 0.4772 242 240 256 254
patient0091_0269 0 0.5779 240 240 254 254
patient0091_0269 0 0.5386 242 241 256 255
patient0091_0270 0 0.3203 242 242 255 256
patient0092_0021 0 0.6040 214 332 247 359
patient0092_0022 0 0.6469 213 332 248 359
patient0092_0023 0 0.2924 215 332 246 360
patient0092_0194 0 0.3198 231 275 260 293
patient0092_0198 0 0.2729 224 257 235 264
patient0092_0199 0 0.4503 225 256 235 262
patient0092_0200 0 0.4735 225 255 235 261
patient0092_0201 0 0.5708 223 254 236 261
patient0092_0202 0 0.3833 223 252 237 260
patient0092_0205 0 0.2855 223 249 237 256
patient0092_0206 0 0.4670 222 249 238 256
patient0092_0207 0 0.3158 222 248 244 295
patient0092_0210 0 0.3098 198 260 215 289
patient0092_0211 0 0.7984 197 260 216 290
patient0092_0212 0 0.8631 195 259 217 291
patient0092_0213 0 0.8759 195 259 217 292
patient0092_0214 0 0.8793 195 258 218 293
patient0092_0215 0 0.8803 193 257 218 294
patient0092_0216 0 0.8822 192 254 219 295
patient0092_0217 0 0.8813 191 252 220 296
patient0092_0218 0 0.8830 191 251 221 297
patient0092_0219 0 0.7983 190 237 231 298
patient0092_0220 0 0.9025 190 237 244 298
patient0092_0221 0 0.9092 189 238 245 298
patient0092_0222 0 0.9058 190 238 246 298
patient0092_0223 0 0.9202 187 238 246 298
patient0092_0224 0 0.9195 187 238 247 299
patient0092_0225 0 0.9217 187 239 247 299
patient0092_0226 0 0.9183 186 239 247 300
patient0092_0227 0 0.9181 185 238 248 301
patient0092_0228 0 0.9192 184 239 248 301
patient0092_0229 0 0.9183 185 239 249 301
patient0092_0230 0 0.9193 184 239 249 301
patient0092_0231 0 0.9109 184 240 248 301
patient0092_0232 0 0.8089 208 240 252 301
patient0092_0232 0 0.7839 184 241 252 301
patient0092_0233 0 0.8805 205 238 259 301
patient0092_0234 0 0.8872 204 238 261 302
patient0092_0235 0 0.8875 204 238 261 303
patient0092_0236 0 0.9053 204 241 262 301
patient0092_0237 0 0.8974 206 242 262 300
patient0092_0238 0 0.8782 205 242 261 300
patient0092_0239 0 0.8745 205 243 260 300
patient0092_0240 0 0.8613 205 243 260 300
patient0092_0240 0 0.3696 228 243 263 285
patient0092_0241 0 0.8015 227 242 261 284
patient0092_0241 0 0.5453 203 242 259 300
patient0092_0241 0 0.4559 209 242 260 288
patient0092_0242 0 0.8482 227 242 260 281
patient0092_0242 0 0.4759 202 243 258 300
patient0092_0243 0 0.8338 227 244 258 280
patient0092_0243 0 0.4468 200 244 258 300
patient0092_0244 0 0.8298 227 244 258 278
patient0092_0245 0 0.7920 228 245 258 275
patient0092_0246 0 0.7726 228 246 257 274
patient0092_0247 0 0.7156 229 247 257 272
patient0092_0248 0 0.7014 230 248 256 271
patient0092_0249 0 0.6715 229 245 256 270
patient0092_0250 0 0.6402 231 246 256 271
patient0092_0251 0 0.6839 232 249 256 271
patient0092_0252 0 0.6689 230 250 253 266
patient0092_0252 0 0.2944 231 248 255 271
patient0092_0253 0 0.6500 227 244 250 263
patient0092_0253 0 0.2711 228 243 253 268
patient0092_0254 0 0.6210 229 247 249 263
patient0092_0255 0 0.6478 231 244 247 262
patient0092_0256 0 0.6956 229 246 245 261
patient0092_0257 0 0.6859 229 246 244 260
patient0092_0258 0 0.6582 228 247 243 259
patient0092_0259 0 0.6392 228 249 242 259
patient0092_0260 0 0.7036 228 248 241 259
patient0092_0261 0 0.7410 228 247 240 258
patient0092_0262 0 0.7467 229 247 238 257
patient0092_0263 0 0.7122 229 246 237 256
patient0092_0264 0 0.7033 229 246 238 256
patient0092_0265 0 0.6524 229 246 237 256
patient0093_0157 0 0.5244 293 248 319 275
patient0093_0158 0 0.3421 292 248 314 277
patient0093_0200 0 0.2992 214 272 233 298
patient0093_0201 0 0.2525 213 276 232 298
patient0093_0202 0 0.2643 213 273 231 299
patient0093_0205 0 0.4114 206 268 228 298
patient0093_0206 0 0.4618 205 269 227 297
patient0093_0207 0 0.4419 208 269 226 297
patient0093_0208 0 0.3747 211 272 226 297
patient0093_0208 0 0.2611 212 277 227 297
patient0093_0209 0 0.7767 211 274 228 297
patient0093_0210 0 0.8138 210 274 229 298
patient0093_0211 0 0.8276 209 273 230 299
patient0093_0212 0 0.8459 208 272 231 299
patient0093_0213 0 0.8681 208 272 231 301
patient0093_0214 0 0.8751 207 272 231 302
patient0093_0215 0 0.8811 206 271 232 303
patient0093_0216 0 0.8878 205 270 232 303
patient0093_0217 0 0.8878 204 269 233 304
patient0093_0218 0 0.8872 203 269 233 303
patient0093_0219 0 0.8709 202 268 234 303
patient0093_0220 0 0.8688 202 267 234 304
patient0093_0221 0 0.7669 201 264 234 304
patient0093_0222 0 0.8891 200 253 238 305
patient0093_0223 0 0.8920 200 252 239 305
patient0093_0224 0 0.8917 199 252 240 305
patient0093_0225 0 0.8939 198 252 242 305
patient0093_0226 0 0.8941 197 251 244 305
patient0093_0227 0 0.8993 196 250 245 305
patient0093_0228 0 0.8964 195 248 245 305
patient0093_0229 0 0.8966 195 247 245 305
patient0093_0230 0 0.9025 196 248 245 306
patient0093_0231 0 0.8774 195 249 246 306
patient0093_0232 0 0.8972 193 249 246 306
patient0093_0233 0 0.8462 193 249 246 306
patient0093_0234 0 0.8883 207 250 246 306
patient0093_0235 0 0.8822 206 250 246 307
patient0093_0236 0 0.8680 209 250 246 307
patient0093_0237 0 0.8713 214 249 247 307
patient0093_0238 0 0.8713 222 249 247 307
patient0093_0239 0 0.8744 222 248 247 308
patient0093_0240 0 0.8718 222 248 248 308
patient0093_0241 0 0.8745 221 248 248 308
patient0093_0242 0 0.8778 221 248 249 308
patient0093_0243 0 0.8604 219 249 250 307
patient0093_0244 0 0.8542 218 249 258 307
patient0093_0245 0 0.8664 218 249 259 307
patient0093_0246 0 0.8650 218 249 260 307
patient0093_0247 0 0.8734 218 250 261 307
patient0093_0248 0 0.8435 218 250 261 306
patient0093_0249 0 0.6965 226 249 262 301
patient0093_0250 0 0.7709 227 248 263 296
patient0093_0251 0 0.8024 227 249 264 293
patient0093_0252 0 0.7680 228 250 264 293
patient0093_0252 0 0.3048 214 249 263 295
patient0093_0253 0 0.6708 229 249 264 292
patient0093_0254 0 0.6505 236 249 264 291
patient0093_0255 0 0.6774 237 249 264 289
patient0093_0256 0 0.6836 233 250 262 286
patient0093_0257 0 0.6731 232 250 260 282
patient0093_0257 0 0.2799 227 250 259 275
patient0093_0258 0 0.6591 232 249 259 278
patient0093_0259 0 0.6816 233 248 257 275
patient0093_0260 0 0.7017 234 249 256 274
patient0093_0261 0 0.7464 233 250 255 273
patient0093_0262 0 0.7662 232 251 254 270
patient0093_0263 0 0.7900 231 251 251 269
patient0093_0264 0 0.7592 231 251 250 267
patient0093_0265 0 0.6826 231 251 249 266
patient0093_0266 0 0.6473 231 251 249 266
patient0093_0267 0 0.6761 229 253 246 265
patient0093_0268 0 0.6543 229 253 246 265
patient0093_0268 0 0.3351 230 252 248 266
patient0093_0269 0 0.6004 228 255 245 265
patient0093_0270 0 0.5747 227 255 242 264
patient0093_0271 0 0.2540 212 254 242 307
patient0093_0272 0 0.2500 212 254 241 307
patient0093_0277 0 0.5584 211 261 238 305
patient0093_0278 0 0.3312 210 263 240 305
patient0093_0280 0 0.2892 209 276 238 306
patient0094_0089 0 0.6095 198 281 217 309
patient0094_0090 0 0.5590 199 280 218 311
patient0094_0091 0 0.5425 200 281 219 312
patient0094_0093 0 0.4147 203 293 221 315
patient0094_0094 0 0.5629 204 294 222 315
patient0094_0096 0 0.6643 206 299 224 318
patient0094_0097 0 0.5876 207 301 224 318
patient0094_0159 0 0.2656 223 269 238 286
patient0094_0162 0 0.4265 218 262 238 286
patient0094_0163 0 0.8065 218 261 240 286
patient0094_0164 0 0.8170 215 235 250 288
patient0094_0165 0 0.8565 214 233 254 288
patient0094_0166 0 0.8568 211 232 258 288
patient0094_0167 0 0.8769 209 231 262 288
patient0094_0168 0 0.8706 207 232 261 289
patient0094_0169 0 0.9082 205 234 263 289
patient0094_0170 0 0.9062 205 234 262 290
patient0094_0171 0 0.9066 204 233 262 290
patient0094_0172 0 0.9103 204 233 262 291
patient0094_0173 0 0.9103 202 231 263 291
patient0094_0174 0 0.9155 202 231 264 291
patient0094_0175 0 0.9120 201 232 263 291
patient0094_0176 0 0.9049 200 232 263 291
patient0094_0177 0 0.8922 200 233 264 291
patient0094_0178 0 0.8933 199 232 263 291
patient0094_0179 0 0.8644 198 232 264 291
patient0094_0180 0 0.8880 212 231 263 291
patient0094_0181 0 0.8842 213 232 264 291
patient0094_0182 0 0.8957 215 231 263 291
patient0094_0183 0 0.8911 219 230 263 291
patient0094_0184 0 0.8906 220 230 263 292
patient0094_0185 0 0.8921 222 230 262 292
patient0094_0186 0 0.8900 223 230 262 292
patient0094_0187 0 0.8840 231 229 262 292
patient0094_0188 0 0.8915 233 229 262 292
patient0094_0189 0 0.8891 234 228 262 292
patient0094_0190 0 0.8789 234 227 262 293
patient0094_0191 0 0.8376 233 226 272 294
patient0094_0192 0 0.8679 234 227 274 293
patient0094_0193 0 0.8781 232 226 274 294
patient0094_0194 0 0.8608 233 226 272 295
patient0094_0195 0 0.8463 232 226 271 295
patient0094_0196 0 0.8587 229 227 271 295
patient0094_0197 0 0.8818 229 226 271 294
patient0094_0198 0 0.8609 227 224 271 293
patient0094_0199 0 0.8482 226 223 270 293
patient0094_0199 0 0.3033 240 224 271 255
patient0094_0200 0 0.8604 226 225 267 292
patient0094_0201 0 0.8371 225 226 267 292
patient0094_0201 0 0.2605 240 225 268 250
patient0094_0202 0 0.7124 240 225 268 248
patient0094_0203 0 0.6481 242 226 264 245
patient0094_0204 0 0.7206 243 227 261 243
patient0094_0205 0 0.5651 243 226 259 241
patient0094_0206 0 0.4838 243 227 258 240
patient0094_0207 0 0.6646 241 227 256 239
patient0094_0208 0 0.6899 241 229 255 238
patient0094_0209 0 0.6351 241 229 254 238
patient0094_0210 0 0.5911 240 228 253 237
patient0094_0212 0 0.3044 236 228 252 237
patient0094_0213 0 0.4805 236 226 252 237
patient0094_0214 0 0.3182 236 225 251 236
patient0094_0215 0 0.5767 236 224 251 237
patient0094_0216 0 0.2995 236 225 251 237
patient0095_0144 0 0.6649 231 292 259 318
patient0095_0145 0 0.7974 231 291 259 319
patient0095_0146 0 0.7680 231 290 259 319
patient0095_0178 0 0.3660 222 259 232 272
patient0095_0184 0 0.2878 215 250 230 274
patient0095_0185 0 0.7366 212 248 229 273
patient0095_0186 0 0.8156 212 247 228 270
patient0095_0187 0 0.8475 212 246 229 271
patient0095_0188 0 0.8374 211 245 230 273
patient0095_0189 0 0.8452 211 244 231 274
patient0095_0190 0 0.8457 211 243 233 276
patient0095_0191 0 0.8391 210 229 244 277
patient0095_0192 0 0.8986 209 230 245 277
patient0095_0193 0 0.9056 209 229 246 278
patient0095_0194 0 0.8996 207 230 248 279
patient0095_0195 0 0.9038 207 231 250 279
patient0095_0196 0 0.9093 207 231 251 279
patient0095_0197 0 0.9110 206 232 251 279
patient0095_0198 0 0.9149 206 232 252 278
patient0095_0199 0 0.9169 205 232 253 279
patient0095_0200 0 0.9176 205 232 253 279
patient0095_0201 0 0.9200 205 232 254 279
patient0095_0202 0 0.9235 204 232 255 279
patient0095_0203 0 0.9245 204 231 255 279
patient0095_0204 0 0.9242 203 231 256 279
patient0095_0205 0 0.9242 202 231 257 279
patient0095_0206 0 0.9245 202 230 257 280
patient0095_0207 0 0.9238 202 230 257 280
patient0095_0208 0 0.9238 202 230 257 280
patient0095_0209 0 0.9258 202 230 257 280
patient0095_0210 0 0.9232 201 231 258 281
patient0095_0211 0 0.9222 201 231 259 281
patient0095_0212 0 0.9172 200 230 259 280
patient0095_0213 0 0.7997 212 231 259 281
patient0095_0214 0 0.8822 217 232 258 281
patient0095_0215 0 0.8794 218 231 258 281
patient0095_0216 0 0.8766 219 231 258 281
patient0095_0217 0 0.8862 221 232 258 281
patient0095_0218 0 0.8728 223 232 257 282
patient0095_0219 0 0.8450 225 232 257 282
patient0095_0220 0 0.8450 226 231 258 282
patient0095_0221 0 0.8499 226 231 258 282
patient0095_0222 0 0.8555 226 230 259 281
patient0095_0223 0 0.8636 226 230 259 282
patient0095_0224 0 0.8565 226 230 261 281
patient0095_0225 0 0.8714 226 230 263 281
patient0095_0226 0 0.8757 226 230 264 281
patient0095_0227 0 0.8784 226 230 265 281
patient0095_0228 0 0.8818 225 229 265 281
patient0095_0229 0 0.8825 225 229 264 281
patient0095_0230 0 0.8807 224 228 264 281
patient0095_0231 0 0.8839 223 228 264 281
patient0095_0232 0 0.8866 222 228 263 280
patient0095_0233 0 0.8717 222 228 262 280
patient0095_0234 0 0.7460 222 228 262 279
patient0095_0234 0 0.6923 242 228 262 245
patient0095_0235 0 0.7872 241 228 261 245
patient0095_0236 0 0.7713 242 228 261 243
patient0095_0237 0 0.7549 242 228 258 242
patient0095_0238 0 0.6906 242 228 257 240
patient0095_0239 0 0.6716 243 228 257 239
patient0095_0240 0 0.6768 244 227 257 238
patient0095_0240 0 0.4571 259 313 272 338
patient0095_0241 0 0.6728 243 227 257 237
patient0095_0241 0 0.4793 259 313 272 337
patient0095_0242 0 0.6616 243 227 256 237
patient0095_0242 0 0.2931 259 312 272 337
patient0095_0243 0 0.6602 243 226 255 236
patient0095_0244 0 0.6943 242 226 254 236
patient0095_0245 0 0.6850 242 226 253 235
patient0095_0246 0 0.6574 243 226 252 234
patient0095_0247 0 0.5486 243 226 252 234
patient0095_0248 0 0.4090 244 226 253 234
patient0095_0289 0 0.5020 255 275 280 313
patient0095_0290 0 0.4919 255 275 280 313
patient0095_0291 0 0.3035 255 275 281 313
patient0095_0292 0 0.3944 254 276 281 313
patient0096_0018 0 0.4277 444 468 484 511
patient0096_0019 0 0.4183 444 467 484 511
patient0096_0034 0 0.5861 312 418 371 506
patient0096_0137 0 0.3685 188 302 207 324
patient0096_0169 0 0.4611 233 283 264 322
patient0096_0170 0 0.4550 232 283 262 318
patient0096_0250 0 0.8159 195 272 211 291
patient0096_0251 0 0.7850 194 268 213 293
patient0096_0252 0 0.8314 194 266 215 295
patient0096_0253 0 0.8247 194 264 215 296
patient0096_0254 0 0.8376 193 262 215 296
patient0096_0255 0 0.8682 192 260 216 296
patient0096_0256 0 0.8794 192 259 217 296
patient0096_0257 0 0.8831 192 258 218 296
patient0096_0258 0 0.8827 192 257 220 297
patient0096_0259 0 0.8913 191 255 220 297
patient0096_0260 0 0.8508 190 253 220 298
patient0096_0261 0 0.7389 190 247 222 298
patient0096_0261 0 0.4094 189 245 250 299
patient0096_0262 0 0.8198 189 239 251 299
patient0096_0263 0 0.8523 189 242 253 299
patient0096_0264 0 0.8733 190 240 254 299
patient0096_0265 0 0.8969 190 239 254 298
patient0096_0266 0 0.9102 190 239 254 299
patient0096_0267 0 0.9161 191 239 255 300
patient0096_0268 0 0.9177 192 239 256 301
patient0096_0269 0 0.9128 190 238 256 301
patient0096_0270 0 0.9102 188 239 256 301
patient0096_0271 0 0.9127 187 240 256 301
patient0096_0272 0 0.9159 187 239 257 302
patient0096_0273 0 0.9180 187 238 257 302
patient0096_0274 0 0.9148 186 237 257 303
patient0096_0275 0 0.9155 185 237 257 303
patient0096_0276 0 0.9067 183 236 257 303
patient0096_0277 0 0.8771 181 235 267 303
patient0096_0278 0 0.8975 181 235 258 303
patient0096_0279 0 0.8912 181 235 260 303
patient0096_0280 0 0.8849 180 235 262 302
patient0096_0281 0 0.8442 213 248 265 304
patient0096_0281 0 0.7555 180 234 256 302
patient0096_0282 0 0.8752 213 247 265 304
patient0096_0283 0 0.8682 213 247 265 304
patient0096_0284 0 0.8720 211 246 265 304
patient0096_0285 0 0.8814 210 246 265 304
patient0096_0286 0 0.8876 210 245 264 303
patient0096_0287 0 0.8940 210 245 264 303
patient0096_0288 0 0.8896 210 245 264 302
patient0096_0289 0 0.8801 210 245 264 302
patient0096_0290 0 0.8769 209 245 263 301
patient0096_0291 0 0.8747 210 245 263 301
patient0096_0291 0 0.4780 233 245 264 272
patient0096_0292 0 0.8673 210 245 263 301
patient0096_0292 0 0.5145 232 245 264 271
patient0096_0293 0 0.8509 209 245 263 301
patient0096_0293 0 0.4962 231 245 264 270
patient0096_0294 0 0.6755 208 244 263 301
patient0096_0294 0 0.6652 232 245 263 269
patient0096_0295 0 0.7684 233 244 262 267
patient0096_0296 0 0.7641 234 244 261 264
patient0096_0297 0 0.7176 234 245 259 262
patient0096_0298 0 0.5986 236 243 259 261
patient0096_0298 0 0.5052 206 245 255 301
patient0096_0299 0 0.6980 238 244 258 260
patient0096_0299 0 0.3814 205 244 257 301
patient0096_0300 0 0.7469 239 244 257 260
patient0096_0301 0 0.7141 240 244 257 259
patient0097_0006 0 0.2798 499 290 512 377
patient0097_0012 0 0.6253 494 303 512 390
patient0097_0018 0 0.5300 495 306 511 388
patient0097_0019 0 0.5502 495 305 511 388
patient0097_0020 0 0.2781 494 306 511 388
patient0097_0021 0 0.3580 494 310 512 397
patient0097_0029 0 0.3086 487 316 512 393
patient0097_0104 0 0.7615 249 236 281 275
patient0097_0148 0 0.5401 189 236 208 259
patient0097_0149 0 0.8286 185 233 210 260
patient0097_0150 0 0.8107 187 232 210 261
patient0097_0151 0 0.8441 186 230 210 262
patient0097_0152 0 0.8237 185 229 210 263
patient0097_0153 0 0.8735 185 227 211 263
patient0097_0154 0 0.8740 184 227 211 264
patient0097_0155 0 0.8734 183 226 212 265
patient0097_0156 0 0.7118 181 219 218 265
patient0097_0157 0 0.8513 181 216 212 265
patient0097_0158 0 0.8444 180 215 212 266
patient0097_0159 0 0.8562 178 215 217 265
patient0097_0160 0 0.8931 177 213 228 265
patient0097_0161 0 0.9087 178 212 228 264
patient0097_0162 0 0.9093 178 211 228 264
patient0097_0163 0 0.9087 176 210 228 264
patient0097_0164 0 0.8942 176 209 229 265
patient0097_0165 0 0.9053 176 210 230 264
patient0097_0166 0 0.9228 175 212 230 264
patient0097_0167 0 0.9197 175 212 229 264
patient0097_0168 0 0.9199 174 211 230 264
patient0097_0169 0 0.9176 173 212 229 265
patient0097_0170 0 0.9221 172 213 231 266
patient0097_0171 0 0.9105 171 214 232 266
patient0097_0172 0 0.9044 191 213 232 266
patient0097_0173 0 0.8669 204 213 233 266
patient0097_0174 0 0.8818 206 213 233 266
patient0097_0175 0 0.8552 205 213 241 266
patient0097_0176 0 0.8637 204 213 244 266
patient0097_0177 0 0.8662 204 214 246 266
patient0097_0178 0 0.8953 203 214 247 266
patient0097_0179 0 0.8851 202 214 247 266
patient0097_0180 0 0.8810 201 213 243 266
patient0097_0181 0 0.8899 201 213 241 266
patient0097_0182 0 0.8995 199 213 240 267
patient0097_0183 0 0.8959 199 211 239 267
patient0097_0184 0 0.8826 198 210 238 266
patient0097_0185 0 0.8789 196 211 238 267
patient0097_0186 0 0.7000 212 210 238 229
patient0097_0187 0 0.7052 212 210 236 228
patient0097_0188 0 0.7546 213 210 236 227
patient0097_0189 0 0.7634 213 210 235 226
patient0097_0190 0 0.7621 213 210 234 225
patient0097_0191 0 0.7695 212 210 233 225
patient0097_0192 0 0.7580 213 211 232 224
patient0097_0193 0 0.7386 213 211 231 223
patient0097_0194 0 0.6952 212 211 231 223
patient0097_0195 0 0.7128 214 211 230 222
patient0097_0196 0 0.6803 214 211 229 222
patient0097_0197 0 0.5182 213 211 226 221
patient0097_0197 0 0.3339 213 211 231 223
patient0097_0198 0 0.5471 213 211 224 221
patient0097_0199 0 0.3451 211 210 224 221
patient0097_0199 0 0.2857 212 211 226 222
patient0097_0203 0 0.3088 201 204 213 212
patient0097_0204 0 0.3161 201 204 212 214
patient0097_0212 0 0.2772 210 220 220 232
patient0098_0017 0 0.3834 201 126 286 230
patient0098_0018 0 0.3646 205 129 277 229
patient0098_0019 0 0.3508 311 326 341 358
patient0098_0020 0 0.5040 313 325 338 354
patient0098_0095 0 0.3419 133 350 151 371
patient0098_0096 0 0.2927 133 350 153 371
patient0098_0174 0 0.3432 203 279 224 298
patient0098_0180 0 0.3940 206 274 216 292
patient0098_0181 0 0.7749 197 268 216 292
patient0098_0182 0 0.8069 198 267 217 292
patient0098_0183 0 0.7992 198 265 218 292
patient0098_0184 0 0.8173 196 263 218 293
patient0098_0185 0 0.8460 194 262 219 293
patient0098_0186 0 0.8510 194 261 219 294
patient0098_0187 0 0.8475 194 260 219 295
patient0098_0188 0 0.8338 193 259 219 295
patient0098_0189 0 0.8132 192 258 219 295
patient0098_0190 0 0.8208 191 257 218 295
patient0098_0191 0 0.8509 190 257 218 295
patient0098_0192 0 0.8622 190 256 218 295
patient0098_0193 0 0.8791 189 253 218 295
patient0098_0194 0 0.8880 187 246 218 295
patient0098_0195 0 0.8948 187 246 218 295
patient0098_0196 0 0.8951 186 245 218 295
patient0098_0197 0 0.8924 185 245 219 295
patient0098_0198 0 0.8872 184 245 221 295
patient0098_0199 0 0.8947 184 244 224 295
patient0098_0200 0 0.8897 182 243 225 295
patient0098_0201 0 0.8932 180 243 226 295
patient0098_0202 0 0.8888 179 243 226 295
patient0098_0203 0 0.8552 176 243 227 296
patient0098_0204 0 0.8071 185 245 227 296
patient0098_0205 0 0.8814 187 248 227 296
patient0098_0206 0 0.8782 186 250 227 296
patient0098_0207 0 0.8740 187 250 228 296
patient0098_0208 0 0.8790 188 251 228 295
patient0098_0209 0 0.8628 189 250 228 295
patient0098_0210 0 0.8448 190 251 227 295
patient0098_0211 0 0.8261 190 251 225 295
patient0098_0212 0 0.8329 191 251 223 295
patient0098_0213 0 0.8400 191 251 223 295
patient0098_0214 0 0.8416 192 251 225 295
patient0098_0215 0 0.8290 194 253 227 294
patient0098_0216 0 0.8081 195 253 224 294
patient0098_0217 0 0.7928 196 254 224 294
patient0098_0218 0 0.7516 198 256 224 294
patient0098_0219 0 0.7486 199 256 225 293
patient0098_0220 0 0.7875 200 253 227 293
patient0098_0221 0 0.8390 201 249 230 293
patient0098_0222 0 0.8503 201 249 230 293
patient0098_0223 0 0.8373 201 247 230 293
patient0098_0224 0 0.8461 201 248 229 293
patient0098_0225 0 0.8617 199 247 229 293
patient0098_0226 0 0.8751 197 248 229 293
patient0098_0227 0 0.8688 196 248 229 293
patient0098_0228 0 0.8711 196 248 229 292
patient0098_0229 0 0.8607 196 247 229 292
patient0098_0230 0 0.8657 197 245 229 291
patient0098_0231 0 0.7787 199 245 229 291
patient0098_0232 0 0.8109 203 245 230 291
patient0098_0233 0 0.7644 203 245 232 291
patient0098_0234 0 0.4640 208 244 233 271
patient0098_0235 0 0.5061 210 244 235 271
patient0098_0235 0 0.4411 210 244 236 284
patient0098_0236 0 0.5528 213 242 235 272
patient0098_0236 0 0.3891 211 242 237 281
patient0098_0237 0 0.5934 209 243 234 269
patient0098_0237 0 0.3773 208 243 235 277
patient0098_0238 0 0.7312 209 243 234 275
patient0098_0239 0 0.7356 209 243 233 271
patient0098_0240 0 0.7904 209 242 233 269
patient0098_0241 0 0.8068 209 243 232 268
patient0098_0242 0 0.8108 208 242 232 267
patient0098_0243 0 0.7974 208 241 231 265
patient0098_0244 0 0.7805 208 241 231 263
patient0098_0245 0 0.7906 207 242 231 263
patient0098_0246 0 0.8059 207 242 231 262
patient0098_0247 0 0.7719 207 242 230 261
patient0098_0248 0 0.7369 208 243 227 257
patient0098_0249 0 0.7536 208 243 225 255
patient0098_0250 0 0.7183 208 243 223 254
patient0098_0251 0 0.7016 209 242 222 253
patient0098_0252 0 0.7015 210 241 221 253
patient0098_0253 0 0.7222 209 241 221 252
patient0098_0254 0 0.7388 209 240 219 252
patient0098_0255 0 0.6385 209 240 219 252
patient0098_0256 0 0.5972 209 240 218 252
patient0098_0257 0 0.6508 207 240 217 252
patient0098_0258 0 0.6849 206 239 217 252
patient0098_0259 0 0.6604 205 239 217 253
patient0098_0260 0 0.6159 204 239 216 253
patient0098_0261 0 0.4623 204 240 215 253
patient0098_0285 0 0.2727 195 304 220 324
patient0098_0291 0 0.4290 221 283 252 324
patient0099_0169 0 0.7322 203 307 243 338
patient0099_0170 0 0.8509 202 307 241 340
patient0099_0171 0 0.8314 201 307 241 342
patient0099_0172 0 0.8273 201 308 241 342
patient0099_0173 0 0.6738 201 306 240 343
patient0099_0174 0 0.5869 201 300 239 344
patient0099_0215 0 0.7715 169 276 189 300
patient0099_0216 0 0.8089 167 274 186 297
patient0099_0216 0 0.4369 166 260 187 298
patient0099_0217 0 0.8178 165 272 187 299
patient0099_0218 0 0.8341 165 268 188 300
patient0099_0219 0 0.8440 165 269 190 302
patient0099_0220 0 0.8473 165 268 190 303
patient0099_0221 0 0.8426 166 266 190 304
patient0099_0222 0 0.8600 164 266 190 305
patient0099_0223 0 0.8665 164 265 190 305
patient0099_0224 0 0.8699 164 265 190 306
patient0099_0225 0 0.8751 163 264 190 307
patient0099_0226 0 0.8767 163 263 191 308
patient0099_0227 0 0.8844 163 262 191 308
patient0099_0228 0 0.8914 163 262 191 309
patient0099_0229 0 0.8894 162 261 192 310
patient0099_0230 0 0.8837 161 260 192 310
patient0099_0231 0 0.8845 161 260 192 311
patient0099_0232 0 0.8912 160 260 192 311
patient0099_0233 0 0.8885 160 259 193 311
patient0099_0234 0 0.7409 159 257 196 311
patient0099_0235 0 0.8957 158 254 211 311
patient0099_0236 0 0.9016 157 253 212 311
patient0099_0237 0 0.9074 157 251 213 312
patient0099_0238 0 0.9151 156 252 213 312
patient0099_0239 0 0.9165 155 252 214 312
patient0099_0240 0 0.9194 155 252 214 313
patient0099_0241 0 0.9197 155 251 215 313
patient0099_0242 0 0.9184 155 251 216 313
patient0099_0243 0 0.9191 154 251 216 313
patient0099_0244 0 0.9189 153 251 217 313
patient0099_0245 0 0.9198 153 251 217 314
patient0099_0246 0 0.9208 152 252 217 313
patient0099_0247 0 0.9213 152 252 217 314
patient0099_0248 0 0.9193 151 251 218 315
patient0099_0249 0 0.9174 151 251 218 314
patient0099_0250 0 0.9171 150 251 218 315
patient0099_0251 0 0.9143 150 252 218 315
patient0099_0252 0 0.9088 150 252 219 315
patient0099_0253 0 0.8907 149 253 221 316
patient0099_0254 0 0.8548 170 255 222 316
patient0099_0255 0 0.8815 176 255 221 316
patient0099_0256 0 0.8862 175 255 222 316
patient0099_0257 0 0.8941 175 256 225 316
patient0099_0258 0 0.8852 175 256 226 316
patient0099_0259 0 0.8409 174 256 225 316
patient0099_0260 0 0.8363 175 256 225 317
patient0099_0261 0 0.8535 175 256 225 317
patient0099_0261 0 0.3082 194 255 227 297
patient0099_0262 0 0.8461 173 258 225 316
patient0099_0262 0 0.5280 194 257 226 296
patient0099_0263 0 0.8114 171 259 224 316
patient0099_0263 0 0.5805 194 258 225 294
patient0099_0264 0 0.8463 194 259 224 293
patient0099_0264 0 0.6388 171 259 222 316
patient0099_0265 0 0.8424 194 259 223 292
patient0099_0265 0 0.3069 170 259 222 315
patient0099_0266 0 0.8474 195 259 223 290
patient0099_0267 0 0.8538 194 259 222 289
patient0099_0268 0 0.8548 195 260 221 288
patient0099_0269 0 0.8549 195 261 221 287
patient0099_0270 0 0.8533 195 262 221 287
patient0099_0271 0 0.8448 195 262 220 286
patient0099_0272 0 0.8166 195 261 219 285
patient0099_0273 0 0.7985 195 261 219 284
patient0099_0274 0 0.7885 196 261 219 283
patient0099_0275 0 0.7573 196 261 219 281
patient0099_0276 0 0.7722 196 261 218 280
patient0099_0277 0 0.7623 197 261 218 280
patient0099_0278 0 0.7335 197 261 218 279
patient0099_0279 0 0.7521 198 261 217 279
patient0099_0280 0 0.7441 199 261 216 277
patient0099_0281 0 0.7029 200 261 215 275
patient0099_0282 0 0.6873 202 261 214 274
patient0099_0283 0 0.6996 203 262 213 274
patient0099_0284 0 0.7042 203 262 212 273
patient0099_0285 0 0.6395 201 262 211 273
patient0099_0286 0 0.6150 197 262 209 273
patient0099_0287 0 0.6042 197 263 207 273
patient0099_0288 0 0.6100 197 263 207 273
patient0099_0289 0 0.6321 198 263 207 273
patient0099_0290 0 0.5921 198 263 206 273
patient0099_0291 0 0.5574 198 263 206 273
patient0099_0292 0 0.6561 197 262 206 273
patient0099_0293 0 0.5156 197 262 205 273
patient0099_0316 0 0.6295 206 335 226 368
patient0099_0317 0 0.8001 207 338 225 368
patient0099_0318 0 0.8070 207 339 224 368
patient0099_0319 0 0.7559 208 339 224 368
patient0099_0320 0 0.6103 207 339 225 368
patient0099_0321 0 0.3950 208 339 225 367
patient0100_0007 0 0.2675 339 406 363 423
patient0100_0008 0 0.4675 338 406 365 424
patient0100_0027 0 0.2578 332 410 357 428
patient0100_0042 0 0.3399 334 416 351 429
patient0100_0210 0 0.4614 205 272 221 298
patient0100_0211 0 0.8071 206 270 225 300
patient0100_0212 0 0.8480 206 267 228 303
patient0100_0213 0 0.8544 207 266 231 304
patient0100_0214 0 0.8574 206 251 255 305
patient0100_0215 0 0.4776 205 252 230 306
patient0100_0215 0 0.4383 205 251 257 306
patient0100_0216 0 0.8809 205 252 257 307
patient0100_0217 0 0.9111 205 253 256 308
patient0100_0218 0 0.9085 205 251 257 308
patient0100_0219 0 0.9122 205 251 257 309
patient0100_0220 0 0.9131 207 251 257 309
patient0100_0221 0 0.9136 206 250 257 309
patient0100_0222 0 0.9108 204 249 257 308
patient0100_0223 0 0.9090 203 249 258 309
patient0100_0224 0 0.9065 202 249 258 310
patient0100_0225 0 0.9049 202 249 258 310
patient0100_0226 0 0.9049 202 249 259 311
patient0100_0227 0 0.9030 201 247 259 311
patient0100_0228 0 0.9044 200 246 260 311
patient0100_0229 0 0.9021 200 246 260 311
patient0100_0230 0 0.8626 220 245 261 311
patient0100_0231 0 0.8891 219 247 261 311
patient0100_0232 0 0.8938 219 248 261 311
patient0100_0233 0 0.8986 220 248 262 311
patient0100_0234 0 0.9003 220 249 262 311
patient0100_0235 0 0.9004 220 249 263 311
patient0100_0236 0 0.8908 220 250 264 310
patient0100_0237 0 0.9059 220 250 263 310
patient0100_0238 0 0.9098 220 251 264 310
patient0100_0239 0 0.9083 220 251 266 310
patient0100_0240 0 0.9099 220 251 266 310
patient0100_0241 0 0.9021 220 251 265 309
patient0100_0242 0 0.9029 219 250 265 309
patient0100_0243 0 0.9042 219 250 265 309
patient0100_0244 0 0.9047 218 250 265 308
patient0100_0245 0 0.9097 218 251 266 308
patient0100_0246 0 0.9118 218 251 265 308
patient0100_0247 0 0.9082 217 251 265 307
patient0100_0248 0 0.8729 217 251 265 306
patient0100_0248 0 0.4462 246 250 266 270
patient0100_0249 0 0.7784 246 250 265 269
patient0100_0249 0 0.6532 216 251 265 305
patient0100_0250 0 0.7184 246 252 264 267
patient0100_0250 0 0.6508 215 250 263 305
patient0100_0251 0 0.6989 246 252 264 266
patient0100_0251 0 0.6577 214 251 262 304
patient0100_0252 0 0.4529 246 252 262 265
patient0100_0252 0 0.4064 212 251 260 304
patient0100_0253 0 0.5516 245 252 261 264
patient0100_0254 0 0.7012 245 251 261 264
patient0100_0255 0 0.6419 246 251 260 263
patient0100_0256 0 0.6484 247 251 259 263
patient0100_0257 0 0.6775 248 251 258 262
patient0100_0258 0 0.5928 248 251 257 261
patient0100_0259 0 0.5379 247 251 257 260
patient0100_0260 0 0.4756 246 251 256 260
patient0100_0261 0 0.3517 246 250 255 259
