patient0051_0023 0 0.3970 505 155 512 193
patient0051_0024 0 0.4496 506 153 512 194
patient0051_0025 0 0.5431 506 153 511 194
patient0051_0026 0 0.4798 505 151 511 193
patient0051_0027 0 0.4688 505 151 511 196
patient0051_0028 0 0.3890 504 151 511 197
patient0051_0029 0 0.3371 503 151 511 198
patient0051_0030 0 0.3591 503 154 511 183
patient0051_0161 0 0.5352 281 208 296 240
patient0051_0162 0 0.6750 282 209 296 239
patient0051_0163 0 0.6994 282 211 297 238
patient0051_0164 0 0.6153 283 212 299 238
patient0051_0207 0 0.3353 220 264 237 287
patient0051_0208 0 0.3581 219 267 235 287
patient0051_0209 0 0.2624 219 267 234 288
patient0051_0211 0 0.2954 205 273 232 295
patient0051_0212 0 0.4248 205 269 233 293
patient0051_0213 0 0.2899 205 270 229 293
patient0051_0218 0 0.3832 202 276 217 293
patient0051_0221 0 0.4990 200 276 218 295
patient0051_0222 0 0.8248 198 271 219 297
patient0051_0223 0 0.8434 197 269 220 297
patient0051_0224 0 0.8497 198 269 221 299
patient0051_0225 0 0.8536 197 269 222 300
patient0051_0226 0 0.8664 197 267 223 301
patient0051_0227 0 0.8780 195 266 224 301
patient0051_0228 0 0.8862 195 266 223 301
patient0051_0229 0 0.8859 195 265 223 302
patient0051_0230 0 0.8837 194 263 223 302
patient0051_0231 0 0.8842 193 263 223 302
patient0051_0232 0 0.8594 192 262 224 302
patient0051_0233 0 0.8445 192 243 236 303
patient0051_0234 0 0.8491 190 241 240 304
patient0051_0235 0 0.8710 190 243 243 305
patient0051_0236 0 0.8949 189 244 243 305
patient0051_0237 0 0.8996 187 244 244 306
patient0051_0238 0 0.9011 187 244 244 306
patient0051_0239 0 0.9083 186 243 245 305
patient0051_0240 0 0.9154 185 242 245 305
patient0051_0241 0 0.9231 184 241 245 306
patient0051_0242 0 0.9246 183 241 245 306
patient0051_0243 0 0.9175 183 241 246 307
patient0051_0244 0 0.9126 182 242 246 307
patient0051_0245 0 0.9139 181 242 247 307
patient0051_0246 0 0.9209 180 242 247 307
patient0051_0247 0 0.9240 179 242 247 308
patient0051_0248 0 0.9208 178 242 248 308
patient0051_0249 0 0.9180 178 242 248 308
patient0051_0250 0 0.9186 178 242 248 308
patient0051_0251 0 0.9136 177 243 248 309
patient0051_0252 0 0.8984 178 244 249 309
patient0051_0253 0 0.8660 177 246 249 309
patient0051_0253 0 0.3451 199 245 250 309
patient0051_0254 0 0.7964 193 247 250 310
patient0051_0255 0 0.8692 202 246 251 311
patient0051_0256 0 0.8753 204 246 251 311
patient0051_0257 0 0.8638 206 246 252 311
patient0051_0258 0 0.8867 215 246 252 312
patient0051_0259 0 0.8862 216 247 253 312
patient0051_0260 0 0.8931 215 247 257 312
patient0051_0261 0 0.9015 215 247 259 312
patient0051_0262 0 0.9000 215 246 259 312
patient0051_0263 0 0.9112 214 246 261 312
patient0051_0264 0 0.9048 213 246 262 312
patient0051_0265 0 0.9088 212 246 262 311
patient0051_0266 0 0.9118 212 246 263 311
patient0051_0267 0 0.9036 212 246 263 311
patient0051_0268 0 0.9015 211 246 262 311
patient0051_0269 0 0.9028 210 246 260 311
patient0051_0270 0 0.8945 210 246 260 311
patient0051_0271 0 0.7077 207 244 260 311
patient0051_0271 0 0.5275 224 245 260 275
patient0051_0272 0 0.5786 224 243 258 271
patient0051_0273 0 0.7071 225 243 258 270
patient0051_0274 0 0.7468 225 243 257 270
patient0051_0275 0 0.7587 225 243 256 269
patient0051_0276 0 0.7422 225 244 256 270
patient0051_0277 0 0.7377 224 243 256 269
patient0051_0278 0 0.7320 225 244 255 269
patient0051_0279 0 0.7523 225 244 254 268
patient0051_0280 0 0.5019 232 243 254 265
patient0051_0280 0 0.4288 238 242 254 265
patient0051_0281 0 0.6234 237 241 253 265
patient0051_0282 0 0.5889 235 242 252 263
patient0051_0282 0 0.3526 229 243 253 264
patient0051_0283 0 0.6021 233 242 252 263
patient0051_0284 0 0.5851 231 243 252 263
patient0051_0285 0 0.6315 231 243 251 263
patient0051_0286 0 0.6197 230 244 249 262
patient0051_0287 0 0.6022 230 245 247 261
patient0051_0288 0 0.5402 232 245 246 261
patient0051_0288 0 0.2615 223 246 246 262
patient0051_0289 0 0.6586 233 246 245 260
patient0051_0290 0 0.6831 232 246 244 260
patient0051_0291 0 0.6958 232 246 243 259
patient0051_0292 0 0.6997 231 245 242 259
patient0051_0293 0 0.7051 230 245 242 259
patient0051_0294 0 0.6911 229 246 241 259
patient0051_0295 0 0.7241 229 247 240 258
patient0051_0296 0 0.7523 228 248 238 258
patient0051_0297 0 0.7490 227 247 237 258
patient0051_0298 0 0.7301 226 247 236 258
patient0051_0299 0 0.6761 226 249 235 258
patient0051_0300 0 0.6655 226 249 235 259
patient0051_0301 0 0.6275 223 248 235 259
patient0051_0301 0 0.2668 206 250 235 307
patient0051_0302 0 0.6698 222 249 234 260
patient0051_0303 0 0.6160 222 248 234 261
patient0051_0304 0 0.2780 221 248 232 261
patient0052_0007 0 0.2857 249 205 279 237
patient0052_0135 0 0.5639 252 263 271 276
patient0052_0135 0 0.2908 252 262 271 273
patient0052_0136 0 0.6238 253 260 270 276
patient0052_0137 0 0.5430 253 257 270 272
patient0052_0138 0 0.5031 252 257 270 273
patient0052_0139 0 0.4722 252 257 270 272
patient0052_0140 0 0.4706 252 255 269 271
patient0052_0141 0 0.4717 248 252 270 269
patient0052_0142 0 0.4880 250 246 270 268
patient0052_0143 0 0.6661 250 245 270 269
patient0052_0144 0 0.5060 248 245 270 268
patient0052_0149 0 0.8170 249 247 265 270
patient0052_0150 0 0.8196 248 245 265 271
patient0052_0151 0 0.8112 249 242 267 275
patient0052_0152 0 0.8445 248 240 268 276
patient0052_0153 0 0.8707 248 239 269 277
patient0052_0154 0 0.8603 247 236 269 278
patient0052_0155 0 0.8614 246 235 271 279
patient0052_0156 0 0.8543 246 232 274 279
patient0052_0157 0 0.8466 244 230 276 280
patient0052_0158 0 0.8732 244 224 277 281
patient0052_0159 0 0.8573 244 223 279 282
patient0052_0160 0 0.8884 242 223 290 283
patient0052_0161 0 0.9044 242 220 292 283
patient0052_0162 0 0.9174 242 220 292 283
patient0052_0163 0 0.9190 241 221 294 283
patient0052_0164 0 0.9218 241 221 294 283
patient0052_0165 0 0.9167 240 221 294 283
patient0052_0166 0 0.8996 238 221 295 284
patient0052_0167 0 0.8970 238 222 296 284
patient0052_0168 0 0.8869 239 220 295 284
patient0052_0169 0 0.8868 238 220 296 284
patient0052_0170 0 0.8876 237 220 296 284
patient0052_0171 0 0.8528 246 230 297 284
patient0052_0172 0 0.8606 254 232 296 284
patient0052_0173 0 0.8753 254 233 297 284
patient0052_0174 0 0.8380 256 232 297 284
patient0052_0175 0 0.8377 255 231 300 283
patient0052_0176 0 0.8699 255 230 302 283
patient0052_0177 0 0.8901 256 230 304 283
patient0052_0178 0 0.8751 255 228 302 283
patient0052_0179 0 0.8910 255 227 301 283
patient0052_0180 0 0.8639 256 227 301 281
patient0052_0181 0 0.7911 257 227 301 280
patient0052_0182 0 0.7871 256 228 300 279
patient0052_0183 0 0.7910 255 228 300 278
patient0052_0183 0 0.2552 277 227 300 256
patient0052_0184 0 0.7915 254 227 300 278
patient0052_0184 0 0.6428 278 227 300 256
patient0052_0185 0 0.7760 278 227 300 255
patient0052_0185 0 0.6106 252 227 300 279
patient0052_0186 0 0.7442 277 228 300 254
patient0052_0186 0 0.5847 251 227 299 278
patient0052_0187 0 0.7298 251 227 300 278
patient0052_0187 0 0.7034 277 228 300 253
patient0052_0188 0 0.6570 277 228 300 251
patient0052_0188 0 0.4962 250 228 300 278
patient0052_0189 0 0.7438 277 228 299 249
patient0052_0190 0 0.7596 278 229 299 248
patient0052_0191 0 0.7557 279 228 298 247
patient0052_0192 0 0.7474 279 229 296 245
patient0052_0193 0 0.7482 279 229 295 244
patient0052_0194 0 0.7043 281 230 294 243
patient0052_0195 0 0.6386 283 230 294 243
patient0052_0196 0 0.3940 284 228 293 242
patient0052_0197 0 0.3050 283 229 292 242
patient0052_0198 0 0.5146 282 229 292 241
patient0052_0199 0 0.3864 283 230 292 241
patient0052_0200 0 0.4971 281 229 291 240
patient0052_0200 0 0.2709 270 212 280 220
patient0052_0201 0 0.6281 281 229 290 240
patient0052_0202 0 0.5536 280 230 288 240
patient0052_0203 0 0.2611 280 231 288 240
patient0053_0009 0 0.5169 238 353 270 390
patient0053_0066 0 0.2970 209 312 226 360
patient0053_0102 0 0.2743 201 294 214 306
patient0053_0103 0 0.3277 202 296 216 310
patient0053_0105 0 0.2579 200 270 220 297
patient0053_0106 0 0.6609 195 270 216 305
patient0053_0107 0 0.7495 195 268 213 308
patient0053_0108 0 0.7725 195 266 216 307
patient0053_0109 0 0.7879 194 263 218 305
patient0053_0110 0 0.7927 194 261 218 306
patient0053_0111 0 0.7555 194 261 216 307
patient0053_0112 0 0.7455 195 259 214 307
patient0053_0112 0 0.2999 194 257 223 308
patient0053_0113 0 0.7511 195 256 216 307
patient0053_0114 0 0.7981 195 256 214 307
patient0053_0115 0 0.8122 195 254 215 307
patient0053_0116 0 0.8253 194 253 215 307
patient0053_0117 0 0.8313 195 253 216 307
patient0053_0118 0 0.8692 195 251 219 308
patient0053_0119 0 0.8797 195 250 221 308
patient0053_0120 0 0.9164 194 245 225 308
patient0053_0121 0 0.8848 193 243 227 308
patient0053_0122 0 0.8770 191 241 229 308
patient0053_0123 0 0.8895 189 238 230 308
patient0053_0124 0 0.8985 187 237 231 309
patient0053_0125 0 0.8955 186 237 233 309
patient0053_0126 0 0.8899 187 236 234 308
patient0053_0127 0 0.8866 187 235 236 308
patient0053_0128 0 0.8840 187 235 243 308
patient0053_0129 0 0.8720 186 235 243 308
patient0053_0130 0 0.8871 185 235 244 308
patient0053_0131 0 0.8935 186 235 246 308
patient0053_0132 0 0.8857 186 236 245 308
patient0053_0133 0 0.8761 186 236 246 308
patient0053_0134 0 0.8337 189 238 246 308
patient0053_0134 0 0.7016 191 261 247 308
patient0053_0135 0 0.8321 192 256 247 308
patient0053_0136 0 0.8879 192 258 249 308
patient0053_0137 0 0.9032 192 257 249 308
patient0053_0138 0 0.8989 192 262 249 308
patient0053_0139 0 0.8961 191 263 249 307
patient0053_0140 0 0.8830 191 262 248 307
patient0053_0141 0 0.8757 190 264 249 308
patient0053_0142 0 0.8788 190 264 248 309
patient0053_0143 0 0.8687 189 263 247 309
patient0053_0144 0 0.8429 187 264 247 306
patient0053_0145 0 0.8465 188 265 247 306
patient0053_0146 0 0.8163 187 266 246 307
patient0053_0147 0 0.7259 198 265 246 309
patient0053_0148 0 0.6208 185 264 246 307
patient0053_0149 0 0.6410 211 264 246 310
patient0053_0149 0 0.5493 197 264 245 310
patient0053_0150 0 0.8401 213 264 245 311
patient0053_0151 0 0.8575 213 264 244 310
patient0053_0152 0 0.6330 210 264 244 310
patient0053_0153 0 0.7447 216 261 245 308
patient0053_0154 0 0.8498 214 258 245 309
patient0053_0155 0 0.8481 215 256 245 309
patient0053_0156 0 0.8439 215 255 244 309
patient0053_0157 0 0.8176 215 255 245 307
patient0053_0158 0 0.7923 215 260 244 302
patient0053_0159 0 0.8152 215 261 243 300
patient0053_0160 0 0.8096 215 261 242 298
patient0053_0161 0 0.7789 215 259 241 297
patient0053_0162 0 0.8021 215 260 241 295
patient0053_0163 0 0.8092 214 261 240 290
patient0053_0164 0 0.7818 213 260 239 287
patient0053_0165 0 0.7763 214 259 238 283
patient0053_0166 0 0.7967 215 260 238 282
patient0053_0167 0 0.7798 215 260 237 280
patient0053_0168 0 0.7840 214 259 237 278
patient0053_0169 0 0.7904 215 258 237 277
patient0053_0170 0 0.7652 215 257 237 276
patient0053_0171 0 0.7352 215 257 235 273
patient0053_0172 0 0.7660 215 257 232 271
patient0053_0173 0 0.7821 215 255 232 271
patient0053_0174 0 0.7257 215 253 232 270
patient0053_0175 0 0.7401 215 254 230 270
patient0053_0176 0 0.7369 214 254 229 269
patient0053_0177 0 0.7529 214 253 228 269
patient0053_0178 0 0.7201 214 252 227 270
patient0053_0179 0 0.4254 213 251 226 272
patient0053_0189 0 0.3092 504 466 512 512
patient0054_0013 0 0.5284 183 326 210 359
patient0054_0014 0 0.6912 180 325 211 354
patient0054_0015 0 0.7099 179 324 210 353
patient0054_0015 0 0.3719 372 369 409 419
patient0054_0016 0 0.3409 177 324 211 358
patient0054_0016 0 0.2577 372 366 400 421
patient0054_0017 0 0.4153 176 323 216 369
patient0054_0018 0 0.4426 175 326 216 364
patient0054_0019 0 0.4778 177 326 216 355
patient0054_0024 0 0.3897 177 321 219 355
patient0054_0040 0 0.2933 360 350 380 409
patient0054_0095 0 0.4893 176 267 198 290
patient0054_0096 0 0.4690 176 266 197 289
patient0054_0172 0 0.3981 221 301 233 313
patient0054_0173 0 0.5015 221 301 232 312
patient0054_0174 0 0.4739 220 299 231 311
patient0054_0175 0 0.5268 219 298 231 311
patient0054_0176 0 0.6044 219 297 231 311
patient0054_0177 0 0.6665 218 296 231 311
patient0054_0178 0 0.6748 218 296 230 311
patient0054_0179 0 0.6060 218 296 230 311
patient0054_0180 0 0.6070 217 296 230 311
patient0054_0181 0 0.6132 218 296 231 311
patient0054_0182 0 0.5895 218 296 230 311
patient0054_0183 0 0.4423 218 295 230 311
patient0054_0184 0 0.4178 217 296 229 310
patient0054_0185 0 0.4313 217 294 230 310
patient0054_0186 0 0.4972 216 291 229 310
patient0054_0187 0 0.5390 214 291 228 312
patient0054_0188 0 0.5164 214 291 229 312
patient0054_0188 0 0.2676 226 275 251 312
patient0054_0189 0 0.5858 213 292 228 312
patient0054_0189 0 0.3014 225 274 251 312
patient0054_0190 0 0.6134 212 291 228 312
patient0054_0191 0 0.6582 213 290 228 311
patient0054_0191 0 0.3721 228 241 251 271
patient0054_0192 0 0.6194 213 291 227 310
patient0054_0192 0 0.3539 228 242 251 271
patient0054_0193 0 0.6441 211 286 226 311
patient0054_0194 0 0.6573 209 285 226 311
patient0054_0195 0 0.6781 208 282 227 311
patient0054_0196 0 0.7096 208 280 226 310
patient0054_0197 0 0.7840 207 279 223 303
patient0054_0198 0 0.8069 206 278 224 306
patient0054_0199 0 0.8376 206 277 225 307
patient0054_0200 0 0.8404 206 276 226 308
patient0054_0201 0 0.8419 205 275 227 309
patient0054_0202 0 0.8583 205 273 228 310
patient0054_0203 0 0.8587 205 272 228 311
patient0054_0204 0 0.8488 204 271 229 312
patient0054_0205 0 0.8543 203 270 230 312
patient0054_0206 0 0.8823 203 260 247 313
patient0054_0206 0 0.8473 203 268 230 313
patient0054_0207 0 0.8459 202 260 249 314
patient0054_0207 0 0.5114 203 267 231 313
patient0054_0208 0 0.8336 202 259 250 314
patient0054_0209 0 0.8785 201 259 253 315
patient0054_0210 0 0.9054 201 258 254 315
patient0054_0211 0 0.9189 201 257 254 315
patient0054_0212 0 0.9188 200 258 254 315
patient0054_0213 0 0.9185 200 258 255 315
patient0054_0214 0 0.8974 200 258 255 315
patient0054_0215 0 0.8984 198 256 255 315
patient0054_0216 0 0.9037 198 256 256 315
patient0054_0217 0 0.9033 198 256 257 315
patient0054_0218 0 0.8999 197 255 258 315
patient0054_0219 0 0.9007 197 255 257 315
patient0054_0220 0 0.9008 196 255 257 315
patient0054_0221 0 0.9069 196 255 257 316
patient0054_0222 0 0.9150 196 255 258 315
patient0054_0223 0 0.9182 195 255 258 315
patient0054_0224 0 0.9261 195 253 258 315
patient0054_0225 0 0.9183 195 252 259 315
patient0054_0226 0 0.8319 195 257 259 315
patient0054_0226 0 0.7751 212 262 259 315
patient0054_0227 0 0.8766 216 263 259 315
patient0054_0228 0 0.8790 216 264 259 315
patient0054_0229 0 0.8805 217 264 259 316
patient0054_0230 0 0.8870 219 265 259 316
patient0054_0231 0 0.8956 221 266 259 316
patient0054_0232 0 0.9024 222 267 259 316
patient0054_0233 0 0.8988 222 267 259 316
patient0054_0234 0 0.8642 221 267 261 316
patient0054_0235 0 0.8633 221 267 262 315
patient0054_0236 0 0.8702 221 266 263 316
patient0054_0237 0 0.8722 221 265 264 315
patient0054_0238 0 0.8964 220 265 265 315
patient0054_0239 0 0.9179 220 265 266 315
patient0054_0240 0 0.9090 220 265 265 315
patient0054_0241 0 0.8940 220 265 264 315
patient0054_0242 0 0.8966 220 265 264 315
patient0054_0243 0 0.8965 219 264 263 314
patient0054_0244 0 0.8970 218 265 263 315
patient0054_0245 0 0.8943 218 266 262 314
patient0054_0246 0 0.8676 217 265 262 314
patient0054_0247 0 0.7572 237 264 262 286
patient0054_0248 0 0.7333 239 264 261 284
patient0054_0249 0 0.6212 239 263 260 282
patient0054_0249 0 0.5510 216 262 260 313
patient0054_0250 0 0.7259 215 263 260 312
patient0054_0250 0 0.5162 239 263 259 281
patient0054_0250 0 0.3679 220 263 260 294
patient0054_0251 0 0.6613 238 262 259 280
patient0054_0252 0 0.6498 240 262 259 280
patient0054_0253 0 0.6614 241 261 259 278
patient0054_0254 0 0.7031 242 262 258 277
patient0054_0255 0 0.7112 241 262 258 276
patient0054_0256 0 0.7270 241 262 257 276
patient0054_0257 0 0.7234 241 262 257 275
patient0054_0258 0 0.7143 240 262 256 275
patient0054_0259 0 0.7038 240 262 255 275
patient0054_0260 0 0.7123 240 261 254 274
patient0054_0261 0 0.6991 241 261 253 274
patient0054_0262 0 0.7137 242 260 252 273
patient0054_0263 0 0.7076 242 261 251 273
patient0054_0264 0 0.6837 241 261 250 272
patient0054_0265 0 0.6591 240 261 249 272
patient0054_0266 0 0.5933 240 260 248 272
patient0054_0267 0 0.3584 240 260 247 272
patient0055_0027 0 0.5763 151 257 167 279
patient0055_0028 0 0.3734 279 275 293 295
patient0055_0028 0 0.2522 279 275 295 322
patient0055_0049 0 0.3243 353 387 360 397
patient0055_0060 0 0.3113 191 315 207 342
patient0055_0061 0 0.5968 192 315 206 343
patient0055_0070 0 0.3076 370 367 384 378
patient0055_0096 0 0.2579 244 238 261 256
patient0055_0138 0 0.4525 178 277 190 304
patient0055_0139 0 0.5641 178 275 191 304
patient0055_0140 0 0.4001 178 276 191 304
patient0055_0141 0 0.4465 178 280 191 302
patient0055_0143 0 0.2766 178 280 191 300
patient0055_0178 0 0.2897 189 257 202 273
patient0055_0179 0 0.4618 188 256 201 273
patient0055_0182 0 0.4279 188 257 199 271
patient0055_0183 0 0.4004 187 256 198 271
patient0055_0184 0 0.5407 185 255 201 272
patient0055_0185 0 0.7503 189 257 204 274
patient0055_0186 0 0.8327 188 256 205 276
patient0055_0187 0 0.8338 188 254 206 276
patient0055_0188 0 0.8319 186 252 207 277
patient0055_0189 0 0.7980 185 251 207 276
patient0055_0190 0 0.8086 184 249 208 276
patient0055_0191 0 0.7969 183 247 208 277
patient0055_0192 0 0.5223 182 240 210 278
patient0055_0193 0 0.7497 183 235 221 278
patient0055_0194 0 0.8386 184 235 224 278
patient0055_0195 0 0.8806 182 235 224 278
patient0055_0196 0 0.8911 180 236 223 279
patient0055_0197 0 0.8406 179 236 223 279
patient0055_0198 0 0.8966 179 233 224 280
patient0055_0199 0 0.8767 178 233 225 279
patient0055_0200 0 0.8748 177 233 226 279
patient0055_0201 0 0.8830 177 234 227 279
patient0055_0202 0 0.8253 176 234 226 279
patient0055_0202 0 0.7126 201 234 227 280
patient0055_0203 0 0.8088 175 235 226 279
patient0055_0203 0 0.6866 200 235 227 280
patient0055_0204 0 0.8670 175 235 227 279
patient0055_0205 0 0.8313 176 234 227 279
patient0055_0205 0 0.5919 191 234 227 279
patient0055_0206 0 0.8913 196 233 226 279
patient0055_0207 0 0.8794 196 233 226 279
patient0055_0208 0 0.8457 199 233 226 280
patient0055_0209 0 0.8599 203 234 227 280
patient0055_0210 0 0.8680 203 233 227 281
patient0055_0211 0 0.8425 203 232 228 280
patient0055_0212 0 0.8406 202 233 228 280
patient0055_0213 0 0.8454 202 233 228 280
patient0055_0214 0 0.8410 202 232 232 280
patient0055_0215 0 0.8444 202 230 236 281
patient0055_0216 0 0.8346 202 230 235 280
patient0055_0217 0 0.8305 201 230 236 281
patient0055_0218 0 0.8436 200 230 234 280
patient0055_0219 0 0.8105 200 228 235 280
patient0055_0220 0 0.8044 199 228 234 280
patient0055_0221 0 0.7876 198 228 231 280
patient0055_0222 0 0.8376 198 228 230 280
patient0055_0223 0 0.8293 197 228 229 280
patient0055_0224 0 0.8088 197 229 228 280
patient0055_0225 0 0.7411 196 229 227 280
patient0055_0226 0 0.5440 213 228 227 240
patient0055_0226 0 0.3941 196 228 227 280
patient0055_0227 0 0.6288 212 229 226 240
patient0055_0228 0 0.6223 212 229 225 239
patient0055_0229 0 0.6691 212 228 224 239
patient0055_0230 0 0.6081 211 228 223 238
patient0055_0231 0 0.5442 211 228 222 238
patient0055_0232 0 0.6566 210 228 221 238
patient0055_0233 0 0.6180 209 228 220 238
patient0055_0234 0 0.4272 208 228 220 239
patient0055_0235 0 0.2616 207 229 220 239
patient0055_0244 0 0.2756 208 236 218 246
patient0056_0005 0 0.6290 403 351 419 374
patient0056_0018 0 0.4857 261 292 273 307
patient0056_0019 0 0.3078 261 293 272 308
patient0056_0020 0 0.4225 365 422 377 440
patient0056_0031 0 0.4470 139 58 161 74
patient0056_0059 0 0.2881 217 268 245 293
patient0056_0060 0 0.3204 204 261 239 292
patient0056_0061 0 0.4258 205 261 237 296
patient0056_0061 0 0.3317 205 261 234 287
patient0056_0062 0 0.5044 204 264 235 301
patient0056_0062 0 0.4581 205 263 237 324
patient0056_0063 0 0.6268 204 265 235 304
patient0056_0064 0 0.3645 200 265 233 298
patient0056_0076 0 0.5621 195 277 209 307
patient0056_0077 0 0.3344 196 278 208 308
patient0056_0091 0 0.3120 299 206 322 228
patient0056_0098 0 0.4296 287 202 314 232
patient0056_0129 0 0.2609 177 273 195 289
patient0056_0134 0 0.5517 193 255 206 271
patient0056_0135 0 0.3502 191 252 207 271
patient0056_0141 0 0.7849 173 262 192 290
patient0056_0142 0 0.8433 173 260 194 293
patient0056_0143 0 0.8249 173 257 195 295
patient0056_0144 0 0.8351 174 256 195 296
patient0056_0145 0 0.8335 174 254 197 296
patient0056_0146 0 0.8372 173 253 197 298
patient0056_0147 0 0.8251 173 251 196 299
patient0056_0148 0 0.6193 173 249 196 299
patient0056_0149 0 0.8433 175 244 228 299
patient0056_0150 0 0.8821 174 245 230 299
patient0056_0151 0 0.8822 173 241 231 301
patient0056_0152 0 0.8807 172 239 231 301
patient0056_0153 0 0.8881 170 239 232 301
patient0056_0154 0 0.8985 170 239 232 302
patient0056_0155 0 0.9072 170 238 232 302
patient0056_0156 0 0.9033 169 238 233 302
patient0056_0157 0 0.9244 169 236 234 303
patient0056_0158 0 0.9277 169 235 234 303
patient0056_0159 0 0.9189 168 237 233 303
patient0056_0160 0 0.9238 167 237 233 303
patient0056_0161 0 0.9350 166 235 234 303
patient0056_0162 0 0.8986 167 236 233 304
patient0056_0162 0 0.7312 174 251 233 304
patient0056_0163 0 0.8626 184 252 232 304
patient0056_0164 0 0.8701 192 253 234 304
patient0056_0165 0 0.8586 191 252 234 303
patient0056_0166 0 0.8328 180 252 233 305
patient0056_0167 0 0.8261 182 253 233 305
patient0056_0168 0 0.8389 177 253 234 304
patient0056_0169 0 0.8595 206 254 237 297
patient0056_0170 0 0.8520 207 254 237 295
patient0056_0171 0 0.8311 207 254 236 289
patient0056_0171 0 0.2924 174 261 227 303
patient0056_0172 0 0.8542 207 252 236 284
patient0056_0173 0 0.8509 208 253 235 281
patient0056_0174 0 0.8404 208 253 235 280
patient0056_0174 0 0.2696 167 225 236 302
patient0056_0175 0 0.8319 208 254 235 280
patient0056_0175 0 0.2804 171 255 227 302
patient0056_0176 0 0.8101 209 253 235 280
patient0056_0177 0 0.7745 210 253 234 272
patient0056_0178 0 0.7900 211 251 234 271
patient0056_0179 0 0.7659 211 251 233 271
patient0056_0180 0 0.7652 210 251 234 272
patient0056_0181 0 0.7707 210 251 233 271
patient0056_0182 0 0.7835 211 250 232 271
patient0056_0183 0 0.7304 211 250 229 266
patient0056_0184 0 0.7273 213 251 228 265
patient0056_0185 0 0.7308 215 251 228 264
patient0056_0186 0 0.7079 216 251 226 264
patient0056_0187 0 0.5865 215 251 224 262
patient0056_0188 0 0.6182 214 251 224 262
patient0056_0189 0 0.4352 214 251 223 261
patient0056_0193 0 0.2733 199 233 209 241
patient0057_0001 0 0.3914 181 255 211 287
patient0057_0003 0 0.2976 185 256 204 270
patient0057_0005 0 0.3902 184 258 207 285
patient0057_0005 0 0.2840 185 258 207 277
patient0057_0014 0 0.4703 169 250 207 276
patient0057_0014 0 0.2532 187 254 207 273
patient0057_0015 0 0.4521 192 256 209 272
patient0057_0015 0 0.3324 195 256 209 270
patient0057_0016 0 0.5806 190 256 210 275
patient0057_0017 0 0.5481 193 255 211 274
patient0057_0018 0 0.6427 195 254 210 273
patient0057_0019 0 0.6094 195 254 208 273
patient0057_0020 0 0.3491 193 255 204 274
patient0057_0021 0 0.3058 192 256 204 275
patient0057_0121 0 0.3628 118 208 147 238
patient0057_0190 0 0.2803 189 275 213 289
patient0057_0191 0 0.2716 190 274 218 291
patient0057_0199 0 0.5033 191 268 211 294
patient0057_0200 0 0.4920 191 268 212 295
patient0057_0201 0 0.3257 191 268 210 295
patient0057_0202 0 0.3360 187 267 203 284
patient0057_0203 0 0.5609 186 267 204 284
patient0057_0204 0 0.4886 186 268 204 285
patient0057_0205 0 0.3211 186 269 203 285
patient0057_0206 0 0.3913 185 269 200 285
patient0057_0207 0 0.4989 185 269 201 285
patient0057_0211 0 0.2635 184 269 193 282
patient0057_0211 0 0.2543 186 269 196 287
patient0057_0224 0 0.6544 173 261 190 285
patient0057_0225 0 0.7957 173 260 192 286
patient0057_0226 0 0.7956 172 260 192 287
patient0057_0227 0 0.8240 171 260 195 288
patient0057_0228 0 0.8354 169 258 196 289
patient0057_0229 0 0.8559 167 256 196 289
patient0057_0230 0 0.8675 166 256 195 290
patient0057_0231 0 0.8667 166 256 195 291
patient0057_0232 0 0.8674 165 254 196 292
patient0057_0233 0 0.8567 164 253 195 293
patient0057_0234 0 0.8439 163 243 206 294
patient0057_0235 0 0.9032 163 242 208 293
patient0057_0236 0 0.8912 162 242 209 293
patient0057_0237 0 0.8816 161 243 210 293
patient0057_0238 0 0.8866 160 244 210 294
patient0057_0239 0 0.8588 160 244 209 294
patient0057_0240 0 0.8472 160 243 200 294
patient0057_0241 0 0.8496 159 242 203 295
patient0057_0242 0 0.8724 157 241 213 296
patient0057_0243 0 0.8762 157 241 212 297
patient0057_0244 0 0.8930 156 239 211 297
patient0057_0245 0 0.8984 156 238 213 297
patient0057_0246 0 0.8946 155 239 214 298
patient0057_0247 0 0.8950 155 239 213 298
patient0057_0248 0 0.8978 154 239 213 297
patient0057_0249 0 0.9015 153 238 213 298
patient0057_0250 0 0.8979 153 238 213 298
patient0057_0251 0 0.8887 153 240 213 298
patient0057_0252 0 0.8621 153 242 216 298
patient0057_0253 0 0.7633 158 243 218 298
patient0057_0254 0 0.7583 187 242 216 299
patient0057_0255 0 0.8915 186 243 228 299
patient0057_0256 0 0.9246 185 242 227 299
patient0057_0257 0 0.9179 185 241 227 299
patient0057_0258 0 0.9146 185 240 227 299
patient0057_0259 0 0.9061 184 239 227 300
patient0057_0260 0 0.8953 183 239 226 300
patient0057_0261 0 0.8873 184 239 224 299
patient0057_0262 0 0.9000 186 239 225 299
patient0057_0263 0 0.9019 187 239 226 299
patient0057_0264 0 0.8849 187 238 225 299
patient0057_0265 0 0.8590 184 238 224 300
patient0057_0266 0 0.8563 184 238 224 300
patient0057_0267 0 0.8192 184 237 224 300
patient0057_0268 0 0.6899 208 236 224 260
patient0057_0268 0 0.4665 184 237 224 299
patient0057_0269 0 0.6853 208 242 225 260
patient0057_0269 0 0.4767 209 247 224 260
patient0057_0269 0 0.4502 207 234 225 260
patient0057_0270 0 0.6890 207 236 224 260
patient0057_0271 0 0.6986 208 236 223 259
patient0057_0272 0 0.6981 207 237 223 258
patient0057_0273 0 0.6561 207 238 223 257
patient0057_0273 0 0.6171 184 239 222 299
patient0057_0274 0 0.6402 208 237 222 257
patient0057_0275 0 0.6439 208 239 222 256
patient0057_0276 0 0.6134 207 238 220 255
patient0057_0277 0 0.6379 206 238 218 254
patient0057_0278 0 0.6730 207 238 217 253
patient0057_0279 0 0.6593 206 238 217 253
patient0057_0280 0 0.6577 206 238 217 253
patient0057_0281 0 0.6502 206 239 216 252
patient0057_0282 0 0.6868 205 240 215 252
patient0057_0283 0 0.6972 204 240 214 251
patient0057_0284 0 0.7113 204 240 213 250
patient0057_0285 0 0.7151 203 240 212 250
patient0057_0286 0 0.7202 202 239 211 250
patient0057_0287 0 0.7027 201 240 210 250
patient0057_0288 0 0.6765 201 241 209 251
patient0057_0289 0 0.6294 201 241 209 251
patient0057_0290 0 0.4430 200 242 209 251
patient0058_0001 0 0.3035 444 340 469 360
patient0058_0006 0 0.2655 208 283 270 336
patient0058_0008 0 0.5154 210 285 254 336
patient0058_0009 0 0.5775 211 286 254 334
patient0058_0012 0 0.6979 152 33 190 61
patient0058_0024 0 0.3253 441 350 470 379
patient0058_0026 0 0.4401 451 363 472 384
patient0058_0027 0 0.5209 451 364 470 382
patient0058_0028 0 0.5297 447 360 468 383
patient0058_0029 0 0.3106 468 345 496 373
patient0058_0030 0 0.2744 469 350 495 371
patient0058_0036 0 0.3237 198 309 221 336
patient0058_0093 0 0.3874 155 260 188 290
patient0058_0103 0 0.5277 177 279 212 313
patient0058_0104 0 0.5099 174 274 214 314
patient0058_0105 0 0.6224 178 275 215 315
patient0058_0106 0 0.3434 181 279 224 320
patient0058_0108 0 0.4810 185 280 222 317
patient0058_0109 0 0.3813 195 283 217 321
patient0058_0110 0 0.7187 195 283 217 323
patient0058_0111 0 0.7030 195 282 217 327
patient0058_0112 0 0.3794 194 283 214 323
patient0058_0124 0 0.3856 263 215 293 249
patient0058_0147 0 0.4320 230 254 276 294
patient0058_0148 0 0.5516 233 249 273 293
patient0058_0149 0 0.4568 233 250 267 293
patient0058_0159 0 0.3447 206 262 225 285
patient0058_0160 0 0.3335 198 262 227 285
patient0058_0161 0 0.2777 199 261 229 287
patient0058_0165 0 0.3991 207 260 224 284
patient0058_0166 0 0.3578 207 261 222 284
patient0058_0167 0 0.3673 204 260 219 280
patient0058_0167 0 0.3124 202 253 220 278
patient0058_0169 0 0.2599 200 242 219 274
patient0058_0172 0 0.2577 196 242 220 277
patient0058_0173 0 0.5282 203 232 232 279
patient0058_0173 0 0.4534 194 234 228 279
patient0058_0173 0 0.4393 209 254 222 278
patient0058_0173 0 0.3261 205 248 222 279
patient0058_0174 0 0.7826 208 249 223 280
patient0058_0175 0 0.7850 206 248 225 281
patient0058_0175 0 0.4326 205 226 254 281
patient0058_0176 0 0.8269 206 225 255 282
patient0058_0177 0 0.8814 205 225 258 283
patient0058_0178 0 0.8928 204 225 260 285
patient0058_0179 0 0.9095 203 225 262 287
patient0058_0180 0 0.9050 202 226 262 287
patient0058_0181 0 0.9101 202 226 264 289
patient0058_0182 0 0.9150 203 226 264 290
patient0058_0183 0 0.8900 203 226 266 290
patient0058_0184 0 0.8832 203 227 267 290
patient0058_0185 0 0.9188 201 228 268 290
patient0058_0186 0 0.9258 200 228 269 290
patient0058_0187 0 0.9198 199 228 269 290
patient0058_0188 0 0.9118 198 228 270 291
patient0058_0189 0 0.9086 197 227 270 292
patient0058_0190 0 0.9087 196 227 270 293
patient0058_0191 0 0.9021 196 227 269 293
patient0058_0192 0 0.8891 195 226 269 293
patient0058_0193 0 0.8365 224 226 271 293
patient0058_0194 0 0.8813 194 226 272 293
patient0058_0194 0 0.3973 225 227 272 293
patient0058_0195 0 0.8968 194 227 271 294
patient0058_0196 0 0.8600 223 227 272 293
patient0058_0197 0 0.8902 224 228 276 293
patient0058_0198 0 0.8770 223 226 275 293
patient0058_0199 0 0.8277 221 226 277 292
patient0058_0200 0 0.8045 221 226 277 293
patient0058_0200 0 0.4382 243 226 278 261
patient0058_0201 0 0.8458 222 225 277 292
patient0058_0201 0 0.3965 243 226 277 258
patient0058_0202 0 0.8455 222 225 276 292
patient0058_0202 0 0.4472 243 225 276 255
patient0058_0203 0 0.8664 222 225 275 292
patient0058_0204 0 0.8769 221 226 275 292
patient0058_0205 0 0.8660 219 226 275 292
patient0058_0206 0 0.6501 218 226 274 291
patient0058_0206 0 0.6264 243 227 275 248
patient0058_0206 0 0.3587 255 227 274 248
patient0058_0207 0 0.7145 244 226 273 246
patient0058_0207 0 0.5539 218 226 273 291
patient0058_0208 0 0.6036 244 225 272 245
patient0058_0208 0 0.4077 218 225 272 291
patient0058_0208 0 0.2987 253 224 272 244
patient0058_0209 0 0.6135 244 226 270 244
patient0058_0210 0 0.5089 245 226 268 242
patient0058_0211 0 0.5416 245 227 266 241
patient0058_0212 0 0.5998 246 228 262 239
patient0058_0213 0 0.5613 247 228 262 238
patient0058_0214 0 0.6325 243 229 260 238
patient0058_0215 0 0.6898 244 227 259 237
patient0058_0216 0 0.7206 244 228 258 238
patient0058_0217 0 0.7471 247 227 257 237
patient0058_0218 0 0.6369 248 225 260 237
patient0058_0219 0 0.6871 246 224 260 237
patient0058_0220 0 0.5791 245 224 258 238
patient0059_0008 0 0.2513 144 230 160 249
patient0059_0022 0 0.4133 168 243 203 279
patient0059_0078 0 0.3638 312 222 326 243
patient0059_0078 0 0.3146 312 223 330 245
patient0059_0115 0 0.3696 269 263 293 281
patient0059_0131 0 0.4289 232 287 254 314
patient0059_0132 0 0.2984 232 293 249 314
patient0059_0133 0 0.6990 230 295 248 315
patient0059_0134 0 0.7478 228 295 247 315
patient0059_0135 0 0.7709 226 295 245 316
patient0059_0136 0 0.7221 224 295 245 317
patient0059_0137 0 0.6417 222 298 244 318
patient0059_0140 0 0.2562 214 296 233 314
patient0059_0141 0 0.7599 215 289 235 315
patient0059_0141 0 0.6854 214 282 238 316
patient0059_0142 0 0.8175 214 287 236 317
patient0059_0143 0 0.8410 211 281 239 319
patient0059_0144 0 0.8325 211 279 240 320
patient0059_0145 0 0.8488 208 277 242 321
patient0059_0146 0 0.8585 204 262 242 321
patient0059_0147 0 0.8557 201 261 244 321
patient0059_0148 0 0.8648 198 260 245 322
patient0059_0149 0 0.8559 195 260 250 321
patient0059_0150 0 0.8923 195 259 252 321
patient0059_0151 0 0.8961 193 259 255 321
patient0059_0152 0 0.9154 191 263 256 322
patient0059_0153 0 0.6923 206 264 256 323
patient0059_0154 0 0.8582 207 264 259 323
patient0059_0155 0 0.8803 204 264 259 323
patient0059_0156 0 0.8442 202 264 259 324
patient0059_0156 0 0.3942 223 264 259 324
patient0059_0157 0 0.7760 206 263 259 324
patient0059_0157 0 0.6903 224 263 260 324
patient0059_0158 0 0.7726 224 262 259 324
patient0059_0159 0 0.9063 211 263 259 326
patient0059_0160 0 0.9228 211 264 259 326
patient0059_0161 0 0.9067 214 264 259 326
patient0059_0162 0 0.8995 215 263 259 325
patient0059_0163 0 0.8926 217 263 258 325
patient0059_0164 0 0.8957 217 263 257 325
patient0059_0165 0 0.8912 220 262 258 326
patient0059_0166 0 0.8940 221 261 258 326
patient0059_0167 0 0.8878 221 260 259 326
patient0059_0168 0 0.8712 223 261 259 326
patient0059_0169 0 0.8630 224 262 259 325
patient0059_0170 0 0.8496 224 263 259 325
patient0059_0171 0 0.8389 224 261 259 326
patient0059_0172 0 0.8519 223 262 258 326
patient0059_0173 0 0.8422 221 260 258 326
patient0059_0174 0 0.8766 220 260 259 327
patient0059_0175 0 0.8819 219 258 262 326
patient0059_0176 0 0.8997 217 257 265 325
patient0059_0177 0 0.8678 217 252 265 323
patient0059_0178 0 0.8465 214 251 263 322
patient0059_0179 0 0.8409 211 251 262 323
patient0059_0180 0 0.7559 231 251 263 287
patient0059_0180 0 0.7305 209 251 263 323
patient0059_0181 0 0.7788 232 251 263 286
patient0059_0181 0 0.2600 209 251 263 323
patient0059_0182 0 0.8032 231 250 260 282
patient0059_0183 0 0.7892 231 251 259 280
patient0059_0184 0 0.8022 231 250 258 279
patient0059_0185 0 0.7895 232 252 259 278
patient0059_0186 0 0.7803 232 251 260 277
patient0059_0187 0 0.7497 234 252 258 273
patient0059_0188 0 0.7402 234 252 255 270
patient0059_0189 0 0.7361 233 250 251 269
patient0059_0190 0 0.6659 236 250 251 268
patient0059_0191 0 0.6651 237 250 249 266
patient0059_0192 0 0.6639 236 251 249 266
patient0059_0193 0 0.7143 234 250 247 264
patient0059_0194 0 0.7024 234 249 245 262
patient0059_0194 0 0.2661 219 234 229 244
patient0059_0195 0 0.6277 233 249 244 261
patient0059_0196 0 0.4119 233 250 243 262
patient0059_0202 0 0.5540 228 252 238 265
patient0059_0203 0 0.3196 228 253 238 268
patient0059_0255 0 0.2581 139 258 183 313
patient0059_0257 0 0.4041 141 248 178 314
patient0059_0258 0 0.5789 143 248 180 314
patient0059_0259 0 0.4117 144 248 181 314
patient0060_0213 0 0.5847 197 284 212 302
patient0060_0214 0 0.7388 195 283 215 302
patient0060_0215 0 0.7899 195 283 217 304
patient0060_0216 0 0.8043 194 281 217 305
patient0060_0217 0 0.7994 193 280 217 306
patient0060_0218 0 0.8046 192 278 217 306
patient0060_0219 0 0.7895 192 278 218 307
patient0060_0220 0 0.7572 192 276 218 306
patient0060_0221 0 0.6885 191 275 218 306
patient0060_0222 0 0.7297 190 273 220 307
patient0060_0222 0 0.5373 190 257 222 307
patient0060_0223 0 0.7727 191 257 228 307
patient0060_0224 0 0.8745 190 256 230 307
patient0060_0225 0 0.8670 187 256 231 308
patient0060_0226 0 0.8542 185 256 232 309
patient0060_0227 0 0.8601 184 256 234 310
patient0060_0228 0 0.8368 183 255 236 309
patient0060_0229 0 0.8579 184 256 236 309
patient0060_0230 0 0.8810 182 255 236 309
patient0060_0231 0 0.8463 181 255 236 310
patient0060_0232 0 0.8287 181 255 236 312
patient0060_0233 0 0.8397 179 255 237 310
patient0060_0234 0 0.8457 179 256 238 309
patient0060_0235 0 0.7891 180 255 238 309
patient0060_0236 0 0.8070 179 256 239 310
patient0060_0237 0 0.8355 178 257 238 310
patient0060_0238 0 0.8566 179 256 240 310
patient0060_0239 0 0.8905 179 256 239 310
patient0060_0240 0 0.8763 181 256 238 311
patient0060_0241 0 0.8810 191 256 238 311
patient0060_0242 0 0.8696 195 256 238 311
patient0060_0243 0 0.8697 198 257 238 311
patient0060_0244 0 0.8151 204 256 238 312
patient0060_0245 0 0.8558 206 256 237 312
patient0060_0246 0 0.8717 208 256 237 312
patient0060_0247 0 0.8686 207 256 238 312
patient0060_0248 0 0.8534 207 256 241 313
patient0060_0249 0 0.8650 206 254 251 312
patient0060_0250 0 0.8545 207 254 250 311
patient0060_0251 0 0.3328 203 256 250 312
patient0060_0252 0 0.4386 218 256 250 288
patient0060_0253 0 0.5549 205 255 249 311
patient0060_0253 0 0.3691 218 256 250 289
patient0060_0254 0 0.6312 205 254 245 311
patient0060_0257 0 0.4664 221 253 247 281
patient0060_0258 0 0.4349 218 253 247 281
patient0060_0261 0 0.3067 224 251 242 270
patient0060_0263 0 0.3019 224 252 242 271
patient0060_0269 0 0.2603 222 252 237 266
patient0061_0005 0 0.3619 369 407 392 425
patient0061_0015 0 0.2936 396 387 403 399
patient0061_0017 0 0.2842 134 46 169 67
patient0061_0056 0 0.2966 177 315 211 353
patient0061_0057 0 0.5639 179 313 210 351
patient0061_0082 0 0.4185 197 255 228 290
patient0061_0125 0 0.2740 202 276 221 292
patient0061_0133 0 0.2516 207 263 223 276
patient0061_0134 0 0.3301 198 263 222 273
patient0061_0136 0 0.3446 199 260 221 270
patient0061_0137 0 0.5145 198 257 221 271
patient0061_0138 0 0.6770 194 257 219 272
patient0061_0139 0 0.6923 194 256 218 271
patient0061_0140 0 0.5441 195 255 215 269
patient0061_0141 0 0.5980 194 253 214 270
patient0061_0142 0 0.5201 197 254 214 271
patient0061_0143 0 0.5713 199 253 213 270
patient0061_0143 0 0.3322 195 252 213 269
patient0061_0144 0 0.5309 199 253 212 270
patient0061_0144 0 0.3220 195 252 211 269
patient0061_0145 0 0.4695 199 257 211 270
patient0061_0146 0 0.4740 196 256 210 270
patient0061_0147 0 0.5604 195 256 210 270
patient0061_0148 0 0.4546 195 255 207 269
patient0061_0149 0 0.7698 190 249 208 270
patient0061_0150 0 0.8400 187 241 209 272
patient0061_0151 0 0.8422 187 239 210 273
patient0061_0152 0 0.8704 188 239 210 274
patient0061_0153 0 0.8738 186 237 211 275
patient0061_0154 0 0.8834 185 235 211 277
patient0061_0155 0 0.8717 184 232 213 277
patient0061_0156 0 0.8636 184 231 214 278
patient0061_0157 0 0.8725 183 229 214 278
patient0061_0158 0 0.8416 180 228 215 278
patient0061_0159 0 0.8414 181 226 217 279
patient0061_0160 0 0.8079 182 224 220 281
patient0061_0161 0 0.8288 182 222 234 281
patient0061_0162 0 0.8643 181 222 239 280
patient0061_0163 0 0.8906 180 221 241 281
patient0061_0164 0 0.9060 180 216 243 281
patient0061_0165 0 0.9182 180 217 244 282
patient0061_0166 0 0.9187 179 214 245 283
patient0061_0167 0 0.9188 178 212 246 283
patient0061_0168 0 0.9142 178 211 246 283
patient0061_0169 0 0.9066 178 211 246 284
patient0061_0170 0 0.9056 178 210 247 284
patient0061_0171 0 0.9099 177 210 248 285
patient0061_0172 0 0.9016 178 210 249 285
patient0061_0173 0 0.9041 177 211 249 285
patient0061_0174 0 0.9019 175 211 249 285
patient0061_0174 0 0.4991 200 235 249 285
patient0061_0175 0 0.9043 174 211 249 285
patient0061_0175 0 0.6985 202 236 249 285
patient0061_0176 0 0.9106 174 210 251 285
patient0061_0176 0 0.5599 201 236 251 285
patient0061_0177 0 0.8968 173 210 251 286
patient0061_0177 0 0.8024 200 235 251 286
patient0061_0178 0 0.8950 174 210 252 286
patient0061_0178 0 0.8175 199 233 252 286
patient0061_0179 0 0.8461 202 235 252 285
patient0061_0179 0 0.8241 174 211 252 286
patient0061_0180 0 0.8414 172 211 253 287
patient0061_0180 0 0.8154 199 234 253 287
patient0061_0181 0 0.7307 201 236 253 287
patient0061_0182 0 0.4623 221 233 254 265
patient0061_0182 0 0.4602 195 234 253 288
patient0061_0183 0 0.7802 195 228 253 288
patient0061_0184 0 0.7718 195 232 253 288
patient0061_0184 0 0.3220 231 231 254 261
patient0061_0185 0 0.7503 192 228 251 288
patient0061_0185 0 0.5372 235 228 253 260
patient0061_0186 0 0.6623 233 227 254 260
patient0061_0186 0 0.6450 192 226 252 288
patient0061_0187 0 0.7029 233 228 254 260
patient0061_0187 0 0.6826 192 226 253 288
patient0061_0188 0 0.7963 227 228 253 260
patient0061_0188 0 0.4832 193 226 253 288
patient0061_0189 0 0.8087 225 230 253 260
patient0061_0190 0 0.7517 225 233 252 258
patient0061_0191 0 0.7043 226 231 251 254
patient0061_0192 0 0.7090 225 232 250 254
patient0061_0193 0 0.7381 225 233 249 254
patient0061_0194 0 0.7432 225 236 248 253
patient0061_0195 0 0.7335 226 235 245 251
patient0061_0196 0 0.7089 225 235 243 250
patient0061_0197 0 0.6235 226 234 243 250
patient0061_0197 0 0.2747 196 234 243 287
patient0061_0198 0 0.5287 226 237 242 250
patient0061_0199 0 0.4552 227 238 239 249
patient0062_0002 0 0.2780 343 365 357 374
patient0062_0003 0 0.3825 337 366 376 425
patient0062_0004 0 0.6155 333 364 377 425
patient0062_0014 0 0.5011 398 386 418 414
patient0062_0015 0 0.5187 400 386 418 412
patient0062_0016 0 0.5788 404 386 420 413
patient0062_0017 0 0.6024 401 384 424 413
patient0062_0018 0 0.5409 403 384 427 412
patient0062_0018 0 0.4544 405 386 422 412
patient0062_0019 0 0.4474 406 393 418 412
patient0062_0020 0 0.5887 404 390 420 411
patient0062_0021 0 0.6388 402 390 420 411
patient0062_0022 0 0.6327 403 391 419 411
patient0062_0023 0 0.6498 403 391 419 410
patient0062_0024 0 0.6495 405 391 419 408
patient0062_0025 0 0.6189 405 390 420 408
patient0062_0026 0 0.6397 404 388 421 408
patient0062_0028 0 0.3522 0 317 14 345
patient0062_0029 0 0.5015 0 317 13 344
patient0062_0031 0 0.2794 0 318 13 344
patient0062_0048 0 0.2982 207 202 282 281
patient0062_0076 0 0.2517 167 310 202 337
patient0062_0077 0 0.4253 169 311 202 340
patient0062_0078 0 0.4690 170 311 200 340
patient0062_0089 0 0.2784 194 327 206 343
patient0062_0090 0 0.4859 191 323 206 344
patient0062_0091 0 0.3496 183 323 207 348
patient0062_0106 0 0.3221 150 276 214 359
patient0062_0116 0 0.2844 135 255 160 279
patient0062_0167 0 0.3915 182 269 201 309
patient0062_0169 0 0.2702 184 269 201 306
patient0062_0170 0 0.5215 184 268 202 307
patient0062_0175 0 0.2748 185 264 201 290
patient0062_0176 0 0.3150 185 266 200 287
patient0062_0177 0 0.3303 185 266 200 287
patient0062_0179 0 0.4888 185 262 202 287
patient0062_0184 0 0.3507 183 249 211 284
patient0062_0186 0 0.3461 182 246 211 284
patient0062_0188 0 0.2794 181 245 212 284
patient0062_0189 0 0.4177 181 243 215 284
patient0062_0190 0 0.3202 179 243 215 283
patient0062_0198 0 0.2798 186 247 209 267
patient0062_0198 0 0.2774 187 250 207 266
patient0062_0199 0 0.2581 187 253 204 263
patient0062_0207 0 0.3188 173 267 188 284
patient0062_0208 0 0.7860 173 264 190 284
patient0062_0209 0 0.8295 171 262 192 285
patient0062_0210 0 0.8348 170 261 192 286
patient0062_0211 0 0.8429 169 258 193 287
patient0062_0212 0 0.8621 169 257 194 288
patient0062_0213 0 0.8698 168 256 195 289
patient0062_0214 0 0.8594 168 256 195 290
patient0062_0215 0 0.7802 166 251 196 289
patient0062_0216 0 0.8538 166 242 209 290
patient0062_0217 0 0.8755 165 242 210 290
patient0062_0218 0 0.9003 165 242 210 291
patient0062_0219 0 0.9040 164 242 211 290
patient0062_0220 0 0.9099 163 242 212 291
patient0062_0221 0 0.9108 163 241 213 291
patient0062_0222 0 0.8959 163 241 213 292
patient0062_0223 0 0.8046 173 241 213 292
patient0062_0224 0 0.8412 177 242 212 292
patient0062_0225 0 0.8744 178 242 212 292
patient0062_0226 0 0.8601 185 241 211 292
patient0062_0227 0 0.8803 185 239 211 292
patient0062_0228 0 0.8856 185 239 211 292
patient0062_0229 0 0.8842 184 239 212 293
patient0062_0230 0 0.9134 182 237 219 292
patient0062_0231 0 0.9231 182 238 220 292
patient0062_0232 0 0.9236 182 238 220 291
patient0062_0233 0 0.9236 181 238 220 291
patient0062_0234 0 0.9153 180 238 220 291
patient0062_0235 0 0.8866 179 238 219 291
patient0062_0236 0 0.8744 177 238 217 291
patient0062_0237 0 0.7519 177 238 217 291
patient0062_0237 0 0.6198 194 238 216 264
patient0062_0238 0 0.6302 177 239 216 291
patient0062_0238 0 0.6213 193 239 216 261
patient0062_0238 0 0.3478 187 239 216 267
patient0062_0239 0 0.6346 194 240 216 258
patient0062_0239 0 0.4773 176 240 216 291
patient0062_0240 0 0.7220 194 240 211 255
patient0062_0241 0 0.7126 194 241 212 256
patient0062_0242 0 0.6757 194 242 212 255
patient0062_0243 0 0.6638 194 242 207 252
patient0062_0244 0 0.5955 193 241 206 252
patient0062_0245 0 0.5630 192 241 205 251
patient0062_0246 0 0.3285 192 240 204 251
patient0062_0249 0 0.4123 183 245 206 289
patient0062_0250 0 0.3230 180 247 205 289
patient0062_0251 0 0.5688 181 248 205 288
patient0062_0252 0 0.6593 180 250 211 287
patient0062_0253 0 0.6764 180 260 212 287
patient0062_0254 0 0.6561 179 260 205 287
patient0062_0255 0 0.6248 179 258 205 288
patient0062_0279 0 0.3123 228 292 238 304
patient0062_0280 0 0.3015 226 291 240 305
patient0063_0007 0 0.2672 220 284 261 331
patient0063_0075 0 0.3664 0 162 35 191
patient0063_0078 0 0.2847 0 153 50 191
patient0063_0079 0 0.2960 0 151 51 191
patient0063_0201 0 0.2944 223 329 237 344
patient0063_0202 0 0.2812 222 328 237 343
patient0063_0203 0 0.2998 217 326 235 342
patient0063_0204 0 0.2799 215 324 235 342
patient0063_0205 0 0.4718 217 324 235 342
patient0063_0206 0 0.5938 218 322 235 342
patient0063_0207 0 0.6772 219 321 235 342
patient0063_0208 0 0.5659 220 322 235 341
patient0063_0209 0 0.5039 220 323 234 341
patient0063_0210 0 0.4294 222 323 233 341
patient0063_0216 0 0.3222 218 319 233 342
patient0063_0217 0 0.7957 217 315 236 343
patient0063_0218 0 0.8231 217 312 236 345
patient0063_0219 0 0.8439 216 312 237 346
patient0063_0220 0 0.8591 216 309 238 347
patient0063_0221 0 0.8499 216 308 239 347
patient0063_0222 0 0.8733 215 307 239 347
patient0063_0223 0 0.8715 215 306 239 348
patient0063_0224 0 0.8551 215 306 240 349
patient0063_0225 0 0.8618 215 305 241 350
patient0063_0226 0 0.8702 215 303 241 350
patient0063_0227 0 0.8755 215 303 241 351
patient0063_0228 0 0.8701 212 302 241 352
patient0063_0229 0 0.8565 212 301 242 352
patient0063_0230 0 0.8522 213 300 242 352
patient0063_0231 0 0.8493 213 300 242 353
patient0063_0232 0 0.8488 214 299 243 353
patient0063_0233 0 0.8238 214 298 243 352
patient0063_0234 0 0.8132 216 297 244 354
patient0063_0235 0 0.8163 215 295 248 354
patient0063_0236 0 0.8111 214 295 253 354
patient0063_0237 0 0.7853 214 293 251 354
patient0063_0238 0 0.8492 214 291 266 354
patient0063_0239 0 0.8830 213 291 268 354
patient0063_0240 0 0.8984 212 292 269 354
patient0063_0241 0 0.9117 212 287 270 355
patient0063_0242 0 0.9269 211 286 270 355
patient0063_0243 0 0.9371 210 285 270 356
patient0063_0244 0 0.9411 209 285 271 356
patient0063_0245 0 0.9398 209 285 272 356
patient0063_0246 0 0.9337 209 286 273 356
patient0063_0247 0 0.9367 209 284 273 356
patient0063_0248 0 0.9292 209 284 273 355
patient0063_0249 0 0.9203 208 285 273 356
patient0063_0250 0 0.8998 208 288 274 356
patient0063_0251 0 0.8910 208 288 275 357
patient0063_0252 0 0.9016 225 301 276 357
patient0063_0253 0 0.9096 226 301 277 357
patient0063_0254 0 0.9048 226 302 278 357
patient0063_0255 0 0.8982 225 303 278 358
patient0063_0256 0 0.8939 225 302 278 358
patient0063_0257 0 0.8932 224 302 277 358
patient0063_0258 0 0.8762 223 302 278 358
patient0063_0259 0 0.8661 223 302 277 358
patient0063_0260 0 0.8659 223 303 277 357
patient0063_0261 0 0.8592 222 302 277 357
patient0063_0262 0 0.8776 222 302 277 360
patient0063_0263 0 0.8783 222 302 277 360
patient0063_0264 0 0.8763 222 302 277 360
patient0063_0265 0 0.8677 221 303 277 359
patient0063_0265 0 0.2784 250 304 277 333
patient0063_0266 0 0.8500 221 303 276 357
patient0063_0266 0 0.5503 250 305 276 331
patient0063_0267 0 0.7627 220 303 275 356
patient0063_0267 0 0.7287 249 305 275 330
patient0063_0268 0 0.8025 249 306 275 329
patient0063_0269 0 0.7965 249 306 274 328
patient0063_0270 0 0.7915 249 306 274 327
patient0063_0271 0 0.8025 249 307 274 326
patient0063_0272 0 0.7925 249 307 274 326
patient0063_0273 0 0.7571 249 308 274 325
patient0063_0274 0 0.7349 251 308 272 323
patient0063_0275 0 0.7126 252 308 272 322
patient0063_0276 0 0.6978 252 307 270 321
patient0063_0277 0 0.7206 253 308 270 321
patient0063_0278 0 0.7048 253 308 269 321
patient0063_0279 0 0.6359 253 308 268 321
patient0063_0280 0 0.5558 252 308 267 320
patient0063_0281 0 0.6105 252 308 266 321
patient0063_0282 0 0.6837 251 309 265 321
patient0063_0283 0 0.3142 252 310 264 321
patient0063_0284 0 0.5152 253 310 263 321
patient0063_0285 0 0.4187 253 308 263 322
patient0064_0008 0 0.3873 180 291 226 334
patient0064_0010 0 0.2746 309 212 340 247
patient0064_0011 0 0.4124 308 215 340 249
patient0064_0014 0 0.3176 303 210 343 242
patient0064_0014 0 0.2670 303 211 343 230
patient0064_0021 0 0.3181 198 289 216 312
patient0064_0030 0 0.3451 444 344 462 376
patient0064_0031 0 0.3670 443 345 463 388
patient0064_0042 0 0.6092 185 293 217 329
patient0064_0043 0 0.2798 190 293 218 323
patient0064_0051 0 0.3275 181 293 213 327
patient0064_0052 0 0.2607 472 284 498 308
patient0064_0059 0 0.3735 423 370 445 392
patient0064_0060 0 0.5367 423 370 444 393
patient0064_0061 0 0.5870 422 371 444 394
patient0064_0062 0 0.4736 422 372 441 395
patient0064_0089 0 0.3184 283 247 319 277
patient0064_0104 0 0.3007 212 298 233 324
patient0064_0121 0 0.4537 134 226 158 251
patient0064_0122 0 0.5251 135 225 157 253
patient0064_0231 0 0.3702 199 302 218 325
patient0064_0232 0 0.7770 199 299 218 325
patient0064_0233 0 0.8052 199 297 218 325
patient0064_0234 0 0.8234 199 296 220 327
patient0064_0235 0 0.8379 199 295 221 328
patient0064_0236 0 0.8590 197 294 221 330
patient0064_0237 0 0.8789 196 291 221 330
patient0064_0238 0 0.8800 194 291 221 331
patient0064_0239 0 0.8927 193 291 221 331
patient0064_0240 0 0.8898 192 290 222 332
patient0064_0241 0 0.8860 191 276 242 333
patient0064_0241 0 0.5091 191 289 223 332
patient0064_0242 0 0.8801 189 276 244 333
patient0064_0243 0 0.8957 190 277 244 333
patient0064_0244 0 0.9034 189 277 244 334
patient0064_0245 0 0.9023 189 277 245 334
patient0064_0246 0 0.9016 189 276 245 334
patient0064_0247 0 0.9066 187 276 245 334
patient0064_0248 0 0.9109 186 276 246 334
patient0064_0249 0 0.9077 186 276 247 334
patient0064_0250 0 0.9072 185 277 247 334
patient0064_0251 0 0.9118 184 277 248 335
patient0064_0252 0 0.9123 184 277 249 335
patient0064_0253 0 0.9062 184 277 250 334
patient0064_0254 0 0.9034 184 278 250 335
patient0064_0255 0 0.9014 183 277 251 335
patient0064_0256 0 0.8866 182 277 251 335
patient0064_0257 0 0.7139 209 280 251 337
patient0064_0258 0 0.8027 200 281 251 337
patient0064_0259 0 0.8082 205 281 251 336
patient0064_0260 0 0.8356 207 281 251 335
patient0064_0261 0 0.8501 206 281 251 335
patient0064_0262 0 0.8477 206 281 251 335
patient0064_0263 0 0.8507 209 281 250 335
patient0064_0264 0 0.8584 211 281 250 335
patient0064_0265 0 0.8534 211 280 250 335
patient0064_0266 0 0.8533 212 279 251 335
patient0064_0267 0 0.8423 215 279 250 336
patient0064_0268 0 0.8363 215 279 250 337
patient0064_0269 0 0.8295 216 279 249 336
patient0064_0270 0 0.8338 215 277 248 336
patient0064_0271 0 0.8393 216 278 249 336
patient0064_0272 0 0.8411 215 277 249 335
patient0064_0273 0 0.8552 215 277 249 336
patient0064_0274 0 0.8707 215 277 249 336
patient0064_0275 0 0.8748 214 277 249 336
patient0064_0276 0 0.8761 214 277 255 336
patient0064_0277 0 0.8957 213 276 254 336
patient0064_0278 0 0.8958 213 276 253 336
patient0064_0279 0 0.8969 212 275 253 336
patient0064_0280 0 0.9034 212 276 253 336
patient0064_0281 0 0.8939 212 275 252 336
patient0064_0282 0 0.8894 211 275 252 335
patient0064_0283 0 0.8819 211 276 252 335
patient0064_0284 0 0.8712 209 275 252 336
patient0064_0285 0 0.8646 209 275 252 335
patient0064_0286 0 0.8416 210 275 251 334
patient0064_0287 0 0.7298 228 275 250 291
patient0064_0287 0 0.2971 208 274 248 333
patient0064_0288 0 0.7298 230 274 249 290
patient0064_0289 0 0.7194 232 273 249 289
patient0064_0290 0 0.6979 231 272 247 287
patient0064_0291 0 0.7542 205 272 245 332
patient0064_0291 0 0.6487 232 271 248 287
patient0064_0292 0 0.6895 232 271 247 287
patient0064_0292 0 0.6236 204 271 245 331
patient0064_0293 0 0.6972 231 270 246 285
patient0064_0294 0 0.6797 230 271 243 283
patient0064_0295 0 0.7243 229 272 242 283
patient0064_0296 0 0.7223 229 272 241 283
patient0064_0297 0 0.6968 228 271 241 283
patient0064_0298 0 0.6878 227 271 240 282
patient0064_0299 0 0.6347 226 272 239 282
patient0064_0300 0 0.5705 225 271 237 281
patient0064_0301 0 0.5881 223 272 237 281
patient0064_0302 0 0.5642 224 271 236 281
patient0064_0303 0 0.3531 223 270 236 281
patient0064_0304 0 0.2567 225 272 235 280
patient0064_0308 0 0.3012 219 269 233 282
patient0064_0309 0 0.2798 222 272 234 283
patient0064_0310 0 0.4809 222 274 234 284
patient0064_0311 0 0.6612 222 274 233 285
patient0064_0312 0 0.6735 223 275 233 286
patient0064_0313 0 0.5809 222 274 233 287
patient0065_0008 0 0.5819 283 214 298 236
patient0065_0009 0 0.3302 288 217 300 240
patient0065_0012 0 0.3949 162 312 181 348
patient0065_0013 0 0.2663 162 310 181 350
patient0065_0056 0 0.3529 171 326 187 342
patient0065_0057 0 0.4183 172 327 187 343
patient0065_0059 0 0.4293 171 324 189 343
patient0065_0060 0 0.4975 172 324 189 342
patient0065_0073 0 0.3185 223 261 239 282
patient0065_0074 0 0.2736 223 263 238 284
patient0065_0075 0 0.2566 222 261 237 285
patient0065_0122 0 0.2983 220 247 281 332
patient0065_0126 0 0.2669 224 251 289 338
patient0065_0127 0 0.3402 222 240 289 339
patient0065_0128 0 0.5163 221 244 291 338
patient0065_0129 0 0.5134 228 247 292 336
patient0065_0144 0 0.3776 227 231 237 240
patient0065_0149 0 0.2931 223 231 233 246
patient0065_0166 0 0.4035 201 247 216 259
patient0065_0167 0 0.7372 200 243 218 261
patient0065_0168 0 0.8116 198 240 219 262
patient0065_0169 0 0.8142 197 239 220 262
patient0065_0170 0 0.8140 196 237 221 261
patient0065_0171 0 0.7758 195 235 222 263
patient0065_0172 0 0.8247 194 220 226 264
patient0065_0173 0 0.8387 192 218 226 264
patient0065_0174 0 0.8698 191 214 236 265
patient0065_0175 0 0.8575 188 214 237 266
patient0065_0176 0 0.7778 188 216 232 266
patient0065_0177 0 0.8928 187 212 238 267
patient0065_0178 0 0.8859 185 212 239 267
patient0065_0179 0 0.8939 184 212 239 267
patient0065_0180 0 0.8936 184 212 240 268
patient0065_0181 0 0.8916 183 211 241 268
patient0065_0182 0 0.8790 182 211 241 269
patient0065_0183 0 0.8767 181 212 241 269
patient0065_0184 0 0.8824 181 212 240 269
patient0065_0185 0 0.8755 180 212 240 269
patient0065_0186 0 0.8771 180 211 240 269
patient0065_0187 0 0.8636 180 211 241 270
patient0065_0187 0 0.5532 199 211 241 271
patient0065_0188 0 0.8166 197 211 241 271
patient0065_0189 0 0.8483 204 211 242 271
patient0065_0190 0 0.8447 206 212 242 271
patient0065_0191 0 0.8643 208 211 243 273
patient0065_0192 0 0.8572 210 210 244 273
patient0065_0193 0 0.8835 210 210 252 272
patient0065_0194 0 0.8781 210 209 253 272
patient0065_0195 0 0.8525 210 211 254 272
patient0065_0196 0 0.8546 209 210 255 272
patient0065_0197 0 0.9007 209 209 255 272
patient0065_0198 0 0.9031 209 211 255 272
patient0065_0199 0 0.8845 208 212 254 272
patient0065_0200 0 0.8645 208 210 253 272
patient0065_0201 0 0.8578 207 208 250 272
patient0065_0202 0 0.8703 207 208 249 272
patient0065_0203 0 0.8131 205 208 248 271
patient0065_0204 0 0.5763 228 205 250 230
patient0065_0204 0 0.4446 204 207 248 271
patient0065_0205 0 0.5373 224 205 249 230
patient0065_0206 0 0.5830 228 205 249 228
patient0065_0207 0 0.5521 229 207 247 225
patient0065_0208 0 0.6828 227 208 244 225
patient0065_0209 0 0.6599 226 207 244 225
patient0065_0210 0 0.6858 226 207 243 225
patient0065_0211 0 0.7165 226 207 242 225
patient0065_0212 0 0.7133 226 207 241 225
patient0065_0213 0 0.6946 225 207 240 224
patient0065_0214 0 0.6867 224 208 236 221
patient0065_0215 0 0.7233 223 208 235 221
patient0065_0216 0 0.7267 222 209 235 221
patient0065_0217 0 0.6622 221 209 234 222
patient0065_0218 0 0.5853 218 209 233 221
patient0065_0219 0 0.6137 218 210 232 221
patient0065_0220 0 0.4092 218 211 231 221
patient0065_0221 0 0.3441 219 212 230 221
patient0065_0222 0 0.4355 219 213 230 222
patient0065_0224 0 0.3840 218 215 228 224
patient0065_0225 0 0.5822 217 215 228 226
patient0066_0111 0 0.3441 263 148 274 163
patient0066_0160 0 0.7903 188 225 204 246
patient0066_0161 0 0.8335 186 224 205 246
patient0066_0162 0 0.8438 186 223 206 247
patient0066_0163 0 0.8485 185 222 207 248
patient0066_0164 0 0.8528 185 220 207 248
patient0066_0165 0 0.8378 183 220 207 249
patient0066_0166 0 0.8528 181 219 208 250
patient0066_0167 0 0.8549 180 217 209 250
patient0066_0168 0 0.8697 180 215 209 251
patient0066_0169 0 0.8548 179 214 208 252
patient0066_0170 0 0.8523 177 213 208 253
patient0066_0171 0 0.8372 176 212 209 253
patient0066_0172 0 0.8784 175 198 217 254
patient0066_0172 0 0.6868 176 212 211 253
patient0066_0173 0 0.8789 175 197 221 254
patient0066_0174 0 0.8986 174 197 224 255
patient0066_0175 0 0.9130 172 197 226 255
patient0066_0176 0 0.9140 171 195 226 255
patient0066_0177 0 0.9148 170 196 228 255
patient0066_0178 0 0.8956 169 197 228 256
patient0066_0179 0 0.8693 168 197 229 256
patient0066_0180 0 0.9024 167 196 231 256
patient0066_0181 0 0.9118 167 195 231 256
patient0066_0182 0 0.9103 166 196 232 257
patient0066_0183 0 0.9088 165 196 232 257
patient0066_0184 0 0.9147 164 196 232 257
patient0066_0185 0 0.9104 164 198 233 258
patient0066_0186 0 0.9095 164 198 233 259
patient0066_0187 0 0.9177 163 196 233 259
patient0066_0188 0 0.9214 162 195 233 259
patient0066_0189 0 0.9056 162 196 234 260
patient0066_0190 0 0.8728 161 197 240 260
patient0066_0191 0 0.8342 199 196 244 260
patient0066_0192 0 0.9014 200 196 245 260
patient0066_0193 0 0.9054 199 195 246 260
patient0066_0194 0 0.9119 199 195 246 260
patient0066_0195 0 0.9129 197 196 247 260
patient0066_0196 0 0.9150 196 196 246 261
patient0066_0197 0 0.9187 196 195 246 261
patient0066_0198 0 0.9090 195 194 246 261
patient0066_0199 0 0.8991 193 194 246 261
patient0066_0200 0 0.8995 191 195 245 261
patient0066_0201 0 0.8945 191 195 243 261
patient0066_0202 0 0.8784 191 193 243 261
patient0066_0203 0 0.8445 190 191 243 261
patient0066_0203 0 0.2504 215 191 244 227
patient0066_0204 0 0.7842 190 193 241 260
patient0066_0204 0 0.5614 212 192 242 223
patient0066_0205 0 0.7190 190 192 241 260
patient0066_0205 0 0.6989 214 191 242 221
patient0066_0206 0 0.8004 188 191 241 260
patient0066_0206 0 0.6091 214 191 241 219
patient0066_0207 0 0.7683 188 191 239 260
patient0066_0207 0 0.6002 213 192 240 218
patient0066_0208 0 0.7357 215 192 239 217
patient0066_0209 0 0.7121 218 192 239 216
patient0066_0210 0 0.7115 218 193 238 214
patient0066_0211 0 0.7110 219 194 237 213
patient0066_0212 0 0.6898 220 194 236 212
patient0066_0213 0 0.7106 218 195 234 211
patient0066_0214 0 0.7390 218 196 233 211
patient0066_0215 0 0.7618 219 197 232 211
patient0066_0216 0 0.7553 219 196 232 210
patient0066_0217 0 0.7311 217 196 230 209
patient0066_0218 0 0.7198 215 196 230 208
patient0066_0219 0 0.7235 215 196 228 208
patient0066_0220 0 0.7261 214 196 227 208
patient0066_0221 0 0.7085 214 196 225 207
patient0066_0222 0 0.6476 214 197 224 207
patient0066_0223 0 0.5803 214 197 223 207
patient0066_0224 0 0.4856 213 196 223 207
patient0066_0225 0 0.3828 212 196 223 208
patient0067_0029 0 0.3296 204 238 229 268
patient0067_0110 0 0.2608 221 378 238 398
patient0067_0111 0 0.4959 219 379 237 396
patient0067_0112 0 0.4982 221 379 238 397
patient0067_0113 0 0.3743 221 378 238 399
patient0067_0140 0 0.2617 277 253 287 263
patient0067_0144 0 0.4284 213 322 235 340
patient0067_0145 0 0.4644 214 316 234 337
patient0067_0172 0 0.4243 191 307 211 322
patient0067_0173 0 0.7649 188 302 212 324
patient0067_0174 0 0.7552 184 299 215 325
patient0067_0175 0 0.7992 184 298 216 325
patient0067_0176 0 0.8513 184 296 218 325
patient0067_0177 0 0.8627 180 295 219 326
patient0067_0178 0 0.8473 179 294 219 326
patient0067_0179 0 0.8657 178 274 223 327
patient0067_0180 0 0.8720 178 274 227 327
patient0067_0181 0 0.8804 176 272 229 327
patient0067_0182 0 0.8728 175 272 232 328
patient0067_0183 0 0.8925 176 271 232 328
patient0067_0184 0 0.9045 173 272 232 328
patient0067_0185 0 0.9091 171 273 233 328
patient0067_0186 0 0.9237 170 273 236 328
patient0067_0187 0 0.9130 169 274 236 329
patient0067_0188 0 0.9029 168 275 237 329
patient0067_0189 0 0.9065 168 275 237 329
patient0067_0190 0 0.9047 171 275 237 330
patient0067_0191 0 0.8696 174 275 237 330
patient0067_0192 0 0.6933 165 275 238 330
patient0067_0192 0 0.6127 189 274 238 330
patient0067_0193 0 0.7216 193 274 238 331
patient0067_0193 0 0.5670 166 275 238 331
patient0067_0194 0 0.8217 199 274 237 332
patient0067_0195 0 0.8536 193 274 236 333
patient0067_0196 0 0.8329 206 274 236 335
patient0067_0197 0 0.8849 205 274 236 335
patient0067_0198 0 0.8896 205 273 237 336
patient0067_0199 0 0.8546 205 273 236 335
patient0067_0200 0 0.8630 204 274 244 335
patient0067_0201 0 0.8448 205 273 242 335
patient0067_0202 0 0.7883 202 272 243 336
patient0067_0203 0 0.7968 202 271 247 336
patient0067_0203 0 0.4897 222 272 247 309
patient0067_0204 0 0.7983 201 270 245 335
patient0067_0205 0 0.7874 201 270 244 335
patient0067_0206 0 0.8383 201 271 242 335
patient0067_0207 0 0.7323 201 269 242 335
patient0067_0208 0 0.4800 221 269 241 289
patient0067_0208 0 0.3270 198 270 240 334
patient0067_0209 0 0.3791 220 267 240 288
patient0067_0210 0 0.4583 220 265 239 287
patient0067_0211 0 0.3834 220 265 237 285
patient0067_0212 0 0.3990 221 266 237 284
patient0067_0213 0 0.5966 220 267 237 284
patient0067_0214 0 0.4702 207 270 237 285
patient0067_0215 0 0.6284 210 268 234 284
patient0067_0216 0 0.7470 211 269 233 283
patient0067_0217 0 0.6864 213 270 232 283
patient0067_0218 0 0.5198 214 270 231 283
patient0067_0219 0 0.6691 214 271 229 282
patient0067_0220 0 0.6745 213 270 229 282
patient0067_0221 0 0.6303 213 269 227 282
patient0067_0222 0 0.4492 211 273 225 281
patient0067_0223 0 0.6176 210 274 218 281
patient0067_0224 0 0.4667 210 274 218 281
patient0067_0226 0 0.2786 205 272 221 284
patient0067_0227 0 0.3117 201 271 220 285
patient0068_0041 0 0.2778 136 300 168 331
patient0068_0042 0 0.4774 139 300 169 333
patient0068_0042 0 0.3911 139 300 166 324
patient0068_0043 0 0.4325 138 300 165 322
patient0068_0043 0 0.2587 138 301 166 330
patient0068_0044 0 0.3993 321 408 352 426
patient0068_0045 0 0.4566 317 408 333 424
patient0068_0145 0 0.2695 183 269 194 280
patient0068_0157 0 0.3003 188 251 209 277
patient0068_0158 0 0.2903 188 247 209 278
patient0068_0159 0 0.3983 173 267 188 282
patient0068_0160 0 0.4868 172 266 188 283
patient0068_0161 0 0.3323 152 267 190 296
patient0068_0162 0 0.2963 147 267 190 295
patient0068_0163 0 0.4027 172 265 188 283
patient0068_0164 0 0.6088 171 265 190 285
patient0068_0165 0 0.8119 169 263 193 287
patient0068_0166 0 0.8236 168 262 194 288
patient0068_0167 0 0.8452 168 260 194 288
patient0068_0168 0 0.8641 166 258 195 288
patient0068_0169 0 0.8600 165 257 196 288
patient0068_0170 0 0.8760 164 255 197 288
patient0068_0171 0 0.8550 163 254 197 288
patient0068_0172 0 0.8323 161 235 205 289
patient0068_0172 0 0.3498 162 251 199 288
patient0068_0173 0 0.8539 159 236 208 290
patient0068_0174 0 0.8611 159 235 209 289
patient0068_0175 0 0.8459 158 235 210 290
patient0068_0176 0 0.8684 155 235 210 292
patient0068_0177 0 0.8844 155 235 212 292
patient0068_0178 0 0.8931 154 234 212 292
patient0068_0179 0 0.8929 154 233 212 291
patient0068_0180 0 0.8842 153 234 212 290
patient0068_0181 0 0.8886 153 235 212 291
patient0068_0182 0 0.8896 153 235 213 292
patient0068_0183 0 0.8888 153 235 213 292
patient0068_0184 0 0.8856 153 235 213 292
patient0068_0185 0 0.8562 156 234 214 293
patient0068_0186 0 0.8997 171 235 214 294
patient0068_0187 0 0.8662 176 234 214 294
patient0068_0188 0 0.8734 177 233 214 295
patient0068_0189 0 0.8424 186 234 214 295
patient0068_0190 0 0.8382 187 234 223 294
patient0068_0191 0 0.8713 187 234 225 294
patient0068_0192 0 0.8966 187 233 223 294
patient0068_0193 0 0.9043 186 232 222 294
patient0068_0194 0 0.8973 185 231 222 294
patient0068_0195 0 0.8955 184 230 221 293
patient0068_0196 0 0.8959 183 230 221 292
patient0068_0197 0 0.9038 182 229 220 291
patient0068_0198 0 0.8892 181 230 219 292
patient0068_0199 0 0.8539 180 230 218 292
patient0068_0199 0 0.3510 192 231 218 255
patient0068_0200 0 0.7499 179 231 218 292
patient0068_0200 0 0.6158 192 231 218 253
patient0068_0201 0 0.7128 192 231 218 252
patient0068_0201 0 0.5223 178 231 218 292
patient0068_0202 0 0.7391 192 231 216 251
patient0068_0203 0 0.7567 193 232 214 249
patient0068_0204 0 0.6828 192 233 212 247
patient0068_0205 0 0.6779 192 233 208 246
patient0068_0206 0 0.6877 193 233 207 245
patient0068_0207 0 0.7045 194 233 206 245
patient0068_0208 0 0.7397 194 233 205 244
patient0068_0209 0 0.7436 194 233 205 244
patient0068_0210 0 0.7230 194 233 204 244
patient0068_0211 0 0.6357 194 233 203 244
patient0068_0212 0 0.4109 193 234 202 244
patient0069_0003 0 0.3399 465 395 481 418
patient0069_0004 0 0.6207 465 394 481 417
patient0069_0005 0 0.5328 466 391 481 415
patient0069_0039 0 0.2619 284 278 298 295
patient0069_0048 0 0.5252 287 308 319 339
patient0069_0055 0 0.2520 502 475 511 504
patient0069_0093 0 0.7751 358 165 406 217
patient0069_0094 0 0.7393 357 161 406 217
patient0069_0095 0 0.7161 357 170 405 216
patient0069_0096 0 0.6028 355 171 406 220
patient0069_0112 0 0.3871 327 168 346 200
patient0069_0162 0 0.3287 227 262 237 276
patient0069_0163 0 0.4114 227 261 238 274
patient0069_0164 0 0.3137 211 232 244 273
patient0069_0165 0 0.6002 210 230 244 272
patient0069_0166 0 0.2784 209 229 242 271
patient0069_0172 0 0.4166 213 225 231 268
patient0069_0172 0 0.3833 212 219 237 268
patient0069_0173 0 0.3513 213 217 243 269
patient0069_0173 0 0.3412 213 222 230 270
patient0069_0174 0 0.7726 214 221 232 269
patient0069_0175 0 0.7737 215 220 232 267
patient0069_0176 0 0.6891 214 217 234 263
patient0069_0176 0 0.3966 214 202 253 264
patient0069_0177 0 0.8437 212 200 260 265
patient0069_0178 0 0.8622 214 204 262 266
patient0069_0179 0 0.8730 214 206 265 267
patient0069_0180 0 0.8967 212 203 267 268
patient0069_0181 0 0.9025 211 200 269 269
patient0069_0182 0 0.8941 210 200 270 270
patient0069_0183 0 0.9107 210 198 271 269
patient0069_0184 0 0.9143 209 198 271 271
patient0069_0185 0 0.9213 208 199 271 271
patient0069_0186 0 0.9273 208 199 272 272
patient0069_0187 0 0.9281 208 199 273 273
patient0069_0188 0 0.9193 208 198 274 273
patient0069_0189 0 0.9192 207 197 274 273
patient0069_0190 0 0.9210 207 196 275 273
patient0069_0191 0 0.8980 210 197 275 272
patient0069_0192 0 0.8339 218 207 274 272
patient0069_0193 0 0.9094 225 216 274 272
patient0069_0194 0 0.9077 227 216 275 272
patient0069_0195 0 0.8789 227 215 275 272
patient0069_0196 0 0.8504 227 215 276 272
patient0069_0197 0 0.8484 228 214 276 272
patient0069_0198 0 0.8458 230 213 277 272
patient0069_0199 0 0.8546 230 212 278 272
patient0069_0200 0 0.8488 229 212 279 272
patient0069_0201 0 0.8648 230 211 280 271
patient0069_0202 0 0.8509 230 209 280 271
patient0069_0203 0 0.8498 230 209 281 271
patient0069_0204 0 0.8605 229 208 282 270
patient0069_0205 0 0.8464 230 207 282 270
patient0069_0206 0 0.8699 231 206 283 270
patient0069_0207 0 0.8510 232 207 282 270
patient0069_0208 0 0.8495 230 206 281 270
patient0069_0209 0 0.8574 228 205 281 270
patient0069_0210 0 0.8753 227 203 281 269
patient0069_0211 0 0.8725 227 205 280 269
patient0069_0212 0 0.8319 226 207 277 269
patient0069_0212 0 0.5419 262 206 280 222
patient0069_0213 0 0.8207 227 207 275 268
patient0069_0213 0 0.4235 262 205 278 220
patient0069_0214 0 0.6162 227 204 276 267
patient0069_0214 0 0.5777 264 203 278 219
patient0069_0215 0 0.6251 265 203 277 218
patient0069_0216 0 0.6643 265 202 276 217
patient0069_0217 0 0.6419 264 200 274 215
patient0069_0218 0 0.5727 263 201 273 214
patient0069_0219 0 0.5018 263 201 273 215
patient0069_0220 0 0.5855 260 200 272 214
patient0069_0221 0 0.3281 260 199 269 212
patient0070_0017 0 0.2514 409 373 450 411
patient0070_0153 0 0.2600 318 282 326 290
patient0070_0184 0 0.4041 289 299 310 317
patient0070_0186 0 0.4634 290 300 309 316
patient0070_0214 0 0.2785 274 306 286 315
patient0070_0217 0 0.3704 258 311 271 334
patient0070_0218 0 0.4009 258 311 271 332
patient0070_0219 0 0.6972 255 309 272 332
patient0070_0220 0 0.8255 251 305 272 330
patient0070_0221 0 0.8413 251 301 273 331
patient0070_0222 0 0.8558 250 300 273 332
patient0070_0223 0 0.8589 248 296 273 332
patient0070_0224 0 0.8538 248 295 273 332
patient0070_0225 0 0.8639 246 294 274 332
patient0070_0226 0 0.8717 241 282 274 333
patient0070_0227 0 0.8786 240 282 275 333
patient0070_0228 0 0.8597 239 282 276 334
patient0070_0229 0 0.8681 237 281 277 334
patient0070_0230 0 0.8659 237 278 279 336
patient0070_0231 0 0.8968 236 281 279 336
patient0070_0232 0 0.8885 235 282 281 336
patient0070_0233 0 0.8908 234 278 282 335
patient0070_0234 0 0.8893 234 280 283 334
patient0070_0235 0 0.8919 231 282 284 335
patient0070_0236 0 0.8731 230 282 284 336
patient0070_0237 0 0.8913 230 280 285 336
patient0070_0238 0 0.7603 231 280 287 336
patient0070_0239 0 0.7760 245 281 286 336
patient0070_0240 0 0.8521 245 281 286 337
patient0070_0241 0 0.8471 246 281 286 336
patient0070_0242 0 0.7886 251 281 288 336
patient0070_0243 0 0.7463 249 280 288 336
patient0070_0244 0 0.8180 248 281 287 335
patient0070_0245 0 0.8571 251 281 287 336
patient0070_0246 0 0.8886 253 281 287 335
patient0070_0247 0 0.8945 255 280 287 335
patient0070_0248 0 0.8666 256 277 288 336
patient0070_0249 0 0.8714 257 278 288 335
patient0070_0250 0 0.8559 256 278 288 335
patient0070_0251 0 0.8371 258 279 287 335
patient0070_0252 0 0.8123 260 279 286 334
patient0070_0253 0 0.8082 261 280 285 334
patient0070_0254 0 0.8465 262 279 286 334
patient0070_0255 0 0.8726 262 279 286 333
patient0070_0256 0 0.8733 262 278 286 333
patient0070_0257 0 0.8596 262 278 286 333
patient0070_0258 0 0.8605 262 277 286 333
patient0070_0259 0 0.8581 262 276 286 333
patient0070_0260 0 0.8414 262 276 286 332
patient0070_0261 0 0.8541 261 275 287 331
patient0070_0262 0 0.8683 260 275 287 331
patient0070_0263 0 0.8912 260 275 294 330
patient0070_0264 0 0.8920 260 274 298 330
patient0070_0265 0 0.8821 259 274 294 330
patient0070_0266 0 0.8601 258 273 289 329
patient0070_0267 0 0.8436 256 274 288 329
patient0070_0268 0 0.8685 255 274 288 330
patient0070_0269 0 0.7724 255 274 289 330
patient0070_0269 0 0.6697 272 274 289 289
patient0070_0270 0 0.6616 269 274 284 285
patient0070_0270 0 0.3794 254 273 286 329
patient0070_0271 0 0.6906 268 273 283 285
patient0070_0271 0 0.3607 254 274 285 328
patient0070_0272 0 0.7029 268 273 283 284
patient0070_0273 0 0.6786 268 273 282 283
patient0070_0274 0 0.6757 268 272 280 282
patient0070_0275 0 0.6826 267 272 280 282
patient0070_0276 0 0.6952 267 272 277 281
patient0070_0277 0 0.5080 266 271 276 280
patient0070_0286 0 0.2691 279 301 304 324
patient0070_0287 0 0.5077 279 302 302 323
patient0070_0289 0 0.3657 261 273 272 284
patient0070_0290 0 0.3300 261 273 271 286
patient0070_0291 0 0.3699 261 275 271 287
patient0070_0302 0 0.5006 248 287 273 310
patient0070_0303 0 0.4558 248 281 274 309
patient0071_0001 0 0.5732 300 211 343 282
patient0071_0002 0 0.4315 300 220 345 284
patient0071_0003 0 0.4795 286 221 334 290
patient0071_0003 0 0.2887 286 219 348 324
patient0071_0005 0 0.4122 303 214 337 282
patient0071_0006 0 0.5387 303 215 338 284
patient0071_0050 0 0.4430 395 369 406 383
patient0071_0051 0 0.2909 392 370 406 387
patient0071_0053 0 0.2941 390 370 403 388
patient0071_0054 0 0.3671 389 371 403 391
patient0071_0180 0 0.2659 184 267 198 285
patient0071_0181 0 0.4605 183 267 199 285
patient0071_0182 0 0.3781 182 266 199 285
patient0071_0183 0 0.3359 184 269 199 285
patient0071_0197 0 0.6826 183 261 199 287
patient0071_0198 0 0.8260 182 259 200 288
patient0071_0199 0 0.8363 183 257 201 289
patient0071_0200 0 0.8369 184 257 203 289
patient0071_0201 0 0.8675 184 255 205 291
patient0071_0202 0 0.8875 182 253 205 292
patient0071_0203 0 0.9003 182 251 206 294
patient0071_0204 0 0.8751 182 249 206 295
patient0071_0205 0 0.8887 182 244 229 295
patient0071_0206 0 0.8836 182 237 230 296
patient0071_0207 0 0.8366 180 236 231 296
patient0071_0208 0 0.8949 181 236 232 296
patient0071_0209 0 0.8980 182 240 233 297
patient0071_0210 0 0.9005 181 239 233 296
patient0071_0211 0 0.9034 181 238 233 297
patient0071_0212 0 0.9105 181 238 235 297
patient0071_0213 0 0.9153 180 238 236 297
patient0071_0214 0 0.9205 180 238 236 298
patient0071_0215 0 0.9113 180 237 236 298
patient0071_0216 0 0.9070 179 237 235 299
patient0071_0217 0 0.9104 178 234 235 299
patient0071_0218 0 0.9141 178 233 236 299
patient0071_0219 0 0.9176 178 233 238 300
patient0071_0220 0 0.8968 182 239 239 300
patient0071_0221 0 0.8708 197 250 242 299
patient0071_0222 0 0.8898 197 251 242 299
patient0071_0223 0 0.8862 197 250 242 299
patient0071_0224 0 0.8765 197 250 242 300
patient0071_0225 0 0.8841 196 248 242 300
patient0071_0226 0 0.8865 196 248 242 300
patient0071_0227 0 0.8978 195 247 243 300
patient0071_0228 0 0.9095 195 247 243 299
patient0071_0229 0 0.9118 194 247 243 298
patient0071_0230 0 0.9133 195 248 243 298
patient0071_0231 0 0.8988 195 247 243 297
patient0071_0232 0 0.8947 195 246 244 296
patient0071_0233 0 0.8898 193 246 243 295
patient0071_0234 0 0.8641 192 246 242 295
patient0071_0234 0 0.4708 222 246 242 262
patient0071_0235 0 0.7547 223 247 241 261
patient0071_0236 0 0.7558 225 247 240 260
patient0071_0237 0 0.7394 225 247 238 258
patient0071_0238 0 0.7277 226 247 238 258
patient0071_0239 0 0.7074 227 247 237 257
patient0071_0240 0 0.7065 227 246 237 257
patient0071_0241 0 0.7219 228 244 237 257
patient0071_0242 0 0.6016 228 244 236 256
patient0071_0243 0 0.3923 228 245 236 256
patient0072_0012 0 0.3938 457 288 500 316
patient0072_0015 0 0.3675 462 301 480 313
patient0072_0018 0 0.3205 189 238 213 263
patient0072_0025 0 0.3011 450 296 491 323
patient0072_0027 0 0.5564 18 307 70 348
patient0072_0028 0 0.5706 17 306 65 347
patient0072_0042 0 0.4357 0 393 20 422
patient0072_0061 0 0.4169 197 331 231 382
patient0072_0064 0 0.4205 197 332 222 384
patient0072_0065 0 0.3595 195 332 221 388
patient0072_0066 0 0.2779 347 266 375 301
patient0072_0066 0 0.2634 195 336 220 386
patient0072_0067 0 0.5788 194 336 218 384
patient0072_0068 0 0.5273 196 343 217 383
patient0072_0073 0 0.2642 338 274 377 315
patient0072_0084 0 0.3908 240 236 267 278
patient0072_0085 0 0.3140 237 235 263 266
patient0072_0092 0 0.4204 236 298 257 325
patient0072_0093 0 0.4639 234 298 253 325
patient0072_0094 0 0.6515 232 298 253 326
patient0072_0095 0 0.5583 232 298 253 327
patient0072_0096 0 0.7355 233 299 251 327
patient0072_0097 0 0.7720 231 300 247 328
patient0072_0098 0 0.4058 229 301 246 328
patient0072_0101 0 0.4456 160 387 176 403
patient0072_0102 0 0.5038 159 387 176 404
patient0072_0108 0 0.2791 215 316 231 335
patient0072_0113 0 0.2549 214 324 224 336
patient0072_0119 0 0.5692 213 330 229 350
patient0072_0162 0 0.2706 239 264 261 283
patient0072_0167 0 0.3061 236 261 258 278
patient0072_0168 0 0.2997 235 259 257 278
patient0072_0173 0 0.5877 220 274 233 297
patient0072_0174 0 0.7377 221 273 234 296
patient0072_0175 0 0.7965 220 271 236 297
patient0072_0176 0 0.8307 218 271 237 299
patient0072_0177 0 0.8130 215 269 238 300
patient0072_0178 0 0.8443 216 250 263 302
patient0072_0179 0 0.8814 214 251 265 304
patient0072_0180 0 0.8657 213 250 265 305
patient0072_0181 0 0.8722 211 251 268 305
patient0072_0182 0 0.8720 211 250 269 305
patient0072_0183 0 0.8884 215 249 269 306
patient0072_0184 0 0.8958 212 250 270 307
patient0072_0185 0 0.9012 210 250 271 308
patient0072_0186 0 0.9200 209 250 271 308
patient0072_0187 0 0.9192 209 250 272 308
patient0072_0188 0 0.9169 209 250 273 309
patient0072_0189 0 0.9135 208 250 273 310
patient0072_0190 0 0.9111 206 249 273 309
patient0072_0191 0 0.9240 206 249 273 310
patient0072_0192 0 0.9161 206 249 274 310
patient0072_0193 0 0.9185 204 249 273 311
patient0072_0194 0 0.9186 204 248 273 311
patient0072_0195 0 0.9153 203 248 273 311
patient0072_0196 0 0.8668 204 248 273 311
patient0072_0196 0 0.7442 232 250 273 311
patient0072_0197 0 0.8771 232 251 273 311
patient0072_0198 0 0.8817 232 251 273 312
patient0072_0199 0 0.8911 232 252 274 312
patient0072_0200 0 0.8946 231 252 275 312
patient0072_0201 0 0.8959 231 252 277 311
patient0072_0202 0 0.8722 230 250 278 311
patient0072_0203 0 0.8858 231 249 278 311
patient0072_0204 0 0.8987 230 249 279 310
patient0072_0205 0 0.8918 230 249 279 310
patient0072_0206 0 0.8609 229 249 279 311
patient0072_0207 0 0.8309 227 249 277 310
patient0072_0208 0 0.8182 230 249 277 309
patient0072_0209 0 0.8124 231 248 277 310
patient0072_0210 0 0.6713 226 249 277 308
patient0072_0210 0 0.3770 251 249 277 275
patient0072_0211 0 0.7888 228 248 276 308
patient0072_0212 0 0.8488 227 248 275 307
patient0072_0213 0 0.8660 225 249 275 307
patient0072_0214 0 0.8390 224 248 274 307
patient0072_0214 0 0.3173 251 245 275 274
patient0072_0215 0 0.6384 250 249 274 273
patient0072_0215 0 0.5562 223 249 273 307
patient0072_0216 0 0.7338 250 250 266 264
patient0072_0216 0 0.5693 249 249 273 270
patient0072_0217 0 0.7107 251 250 265 263
patient0072_0218 0 0.7307 251 248 265 263
patient0072_0219 0 0.7232 252 248 264 263
patient0072_0220 0 0.6902 251 248 262 262
patient0072_0221 0 0.6436 250 247 261 261
patient0072_0222 0 0.6834 249 248 261 262
patient0072_0223 0 0.6963 249 248 261 262
patient0072_0224 0 0.7146 248 249 260 260
patient0072_0225 0 0.7199 248 249 258 259
patient0072_0226 0 0.6678 248 249 257 259
patient0072_0227 0 0.4453 248 248 257 259
patient0072_0228 0 0.3027 247 248 257 259
patient0073_0002 0 0.3004 204 285 242 306
patient0073_0003 0 0.4501 200 284 242 314
patient0073_0003 0 0.2647 207 284 242 305
patient0073_0008 0 0.3573 204 290 241 317
patient0073_0010 0 0.2901 205 288 236 306
patient0073_0015 0 0.2620 221 259 245 277
patient0073_0016 0 0.6328 221 263 247 290
patient0073_0017 0 0.6661 220 263 245 291
patient0073_0018 0 0.3249 222 264 244 289
patient0073_0026 0 0.2946 239 258 268 285
patient0073_0028 0 0.2600 259 178 278 215
patient0073_0034 0 0.3337 237 268 260 287
patient0073_0068 0 0.3710 220 267 232 278
patient0073_0114 0 0.2656 273 178 282 216
patient0073_0122 0 0.2985 265 176 278 194
patient0073_0132 0 0.3648 221 274 231 289
patient0073_0133 0 0.3158 222 275 231 290
patient0073_0134 0 0.2669 222 273 231 287
patient0073_0139 0 0.3216 215 271 229 285
patient0073_0140 0 0.3225 264 171 277 207
patient0073_0142 0 0.3918 213 268 224 282
patient0073_0142 0 0.3882 263 168 276 197
patient0073_0143 0 0.5573 212 268 225 283
patient0073_0143 0 0.3652 264 169 276 192
patient0073_0144 0 0.4931 214 269 225 283
patient0073_0145 0 0.4293 213 268 225 283
patient0073_0151 0 0.7125 203 260 223 283
patient0073_0151 0 0.6002 265 171 278 191
patient0073_0151 0 0.3948 265 171 279 212
patient0073_0151 0 0.2923 265 171 278 185
patient0073_0152 0 0.8201 200 257 226 285
patient0073_0152 0 0.4152 265 172 279 187
patient0073_0153 0 0.8274 199 254 226 286
patient0073_0154 0 0.8414 199 252 228 288
patient0073_0155 0 0.8629 200 251 228 289
patient0073_0156 0 0.8765 200 251 228 289
patient0073_0157 0 0.8771 200 247 228 290
patient0073_0158 0 0.9006 200 243 228 290
patient0073_0159 0 0.9078 200 244 228 290
patient0073_0160 0 0.9061 199 244 228 291
patient0073_0161 0 0.9035 198 243 229 292
patient0073_0162 0 0.8933 198 242 229 292
patient0073_0163 0 0.8841 197 242 229 292
patient0073_0164 0 0.8667 194 242 229 293
patient0073_0165 0 0.8486 193 233 243 294
patient0073_0166 0 0.8829 192 232 245 294
patient0073_0167 0 0.8959 192 231 246 295
patient0073_0168 0 0.9016 191 230 247 295
patient0073_0169 0 0.9081 190 230 248 295
patient0073_0170 0 0.9038 190 230 249 295
patient0073_0171 0 0.9115 190 231 250 295
patient0073_0172 0 0.9132 189 231 251 295
patient0073_0173 0 0.9067 187 231 250 295
patient0073_0174 0 0.8931 189 231 250 295
patient0073_0175 0 0.8668 198 232 250 296
patient0073_0176 0 0.8703 202 234 250 296
patient0073_0177 0 0.8836 206 233 250 296
patient0073_0178 0 0.8879 207 234 251 296
patient0073_0179 0 0.8686 217 233 252 297
patient0073_0180 0 0.8925 217 233 251 298
patient0073_0181 0 0.8895 217 234 251 298
patient0073_0182 0 0.8916 216 234 251 298
patient0073_0183 0 0.8896 215 234 251 298
patient0073_0184 0 0.8984 215 234 251 298
patient0073_0185 0 0.8913 213 234 252 298
patient0073_0186 0 0.8859 212 233 256 298
patient0073_0187 0 0.8990 211 233 258 297
patient0073_0188 0 0.8843 208 232 260 297
patient0073_0189 0 0.8908 207 232 259 297
patient0073_0190 0 0.8838 207 234 259 297
patient0073_0191 0 0.7920 205 232 258 297
patient0073_0191 0 0.7086 233 234 259 272
patient0073_0192 0 0.7935 231 233 258 271
patient0073_0192 0 0.3298 203 232 259 297
patient0073_0193 0 0.8253 229 232 258 269
patient0073_0194 0 0.8222 229 233 257 266
patient0073_0195 0 0.7861 232 234 256 263
patient0073_0196 0 0.8208 229 233 256 262
patient0073_0197 0 0.8117 227 232 256 260
patient0073_0198 0 0.7848 234 232 256 259
patient0073_0199 0 0.7437 233 233 255 257
patient0073_0200 0 0.7504 230 233 253 256
patient0073_0201 0 0.7740 231 234 252 255
patient0073_0202 0 0.7936 230 234 252 255
patient0073_0203 0 0.7903 230 235 251 254
patient0073_0204 0 0.7844 230 236 250 252
patient0073_0205 0 0.7740 230 236 248 250
patient0073_0206 0 0.7601 231 236 246 249
patient0073_0207 0 0.7906 232 234 245 249
patient0073_0208 0 0.7761 230 234 244 248
patient0073_0209 0 0.7235 229 236 242 248
patient0073_0210 0 0.6885 228 236 241 248
patient0073_0211 0 0.6396 226 237 240 248
patient0073_0212 0 0.5452 226 237 239 248
patient0074_0006 0 0.4569 327 393 369 432
patient0074_0006 0 0.4073 328 399 353 432
patient0074_0007 0 0.7427 327 394 370 434
patient0074_0008 0 0.7243 328 394 371 437
patient0074_0008 0 0.5516 340 394 372 430
patient0074_0009 0 0.2876 339 395 371 420
patient0074_0012 0 0.2503 343 404 376 449
patient0074_0016 0 0.2757 336 412 353 435
patient0074_0017 0 0.4435 347 414 379 446
patient0074_0025 0 0.3462 323 438 350 468
patient0074_0026 0 0.4976 322 440 348 469
patient0074_0027 0 0.4137 320 442 351 471
patient0074_0028 0 0.2997 319 442 350 472
patient0074_0037 0 0.2819 249 328 262 341
patient0074_0037 0 0.2599 245 327 261 342
patient0074_0038 0 0.4878 246 325 262 342
patient0074_0040 0 0.3765 246 330 263 344
patient0074_0041 0 0.3468 254 333 265 345
patient0074_0049 0 0.2983 442 477 472 511
patient0074_0050 0 0.3402 441 480 471 511
patient0074_0063 0 0.2785 0 325 13 343
patient0074_0065 0 0.3745 0 322 9 346
patient0074_0065 0 0.2864 0 323 10 356
patient0074_0066 0 0.3160 0 321 8 344
patient0074_0066 0 0.2724 0 323 8 352
patient0074_0087 0 0.4719 215 286 238 311
patient0074_0097 0 0.2634 338 365 354 393
patient0074_0101 0 0.3024 204 302 226 336
patient0074_0102 0 0.3909 204 304 225 335
patient0074_0104 0 0.6031 189 306 206 326
patient0074_0105 0 0.5082 188 305 205 326
patient0074_0105 0 0.2867 166 310 212 379
patient0074_0106 0 0.4820 188 304 210 327
patient0074_0121 0 0.4724 229 293 270 351
patient0074_0122 0 0.4085 229 292 275 353
patient0074_0124 0 0.3897 219 287 251 312
patient0074_0125 0 0.4964 217 290 252 312
patient0074_0126 0 0.3651 218 288 251 311
patient0074_0127 0 0.5357 218 290 250 311
patient0074_0128 0 0.5593 217 290 249 310
patient0074_0129 0 0.5548 216 289 249 309
patient0074_0130 0 0.4086 217 288 249 308
patient0074_0131 0 0.2989 216 286 250 308
patient0074_0132 0 0.5106 217 286 252 311
patient0074_0133 0 0.5195 215 284 256 312
patient0074_0139 0 0.3671 205 269 225 298
patient0074_0140 0 0.5455 204 274 216 297
patient0074_0141 0 0.7070 203 273 215 296
patient0074_0142 0 0.6102 203 273 215 296
patient0074_0142 0 0.2805 204 276 217 299
patient0074_0143 0 0.4897 206 275 217 297
patient0074_0143 0 0.4369 203 273 216 295
patient0074_0144 0 0.5367 208 275 218 298
patient0074_0145 0 0.6921 207 273 220 298
patient0074_0146 0 0.8096 205 273 218 297
patient0074_0147 0 0.8128 203 271 219 297
patient0074_0148 0 0.7033 202 268 218 297
patient0074_0148 0 0.6083 202 257 243 298
patient0074_0149 0 0.8678 201 256 243 299
patient0074_0150 0 0.8723 201 255 244 301
patient0074_0151 0 0.8978 200 256 245 302
patient0074_0152 0 0.9098 198 255 245 302
patient0074_0153 0 0.9042 198 254 246 303
patient0074_0154 0 0.9108 197 254 247 304
patient0074_0155 0 0.9160 196 253 247 304
patient0074_0156 0 0.9204 195 253 248 304
patient0074_0157 0 0.9114 195 254 248 304
patient0074_0158 0 0.9172 192 253 248 304
patient0074_0159 0 0.9201 191 253 249 305
patient0074_0160 0 0.9160 192 253 249 305
patient0074_0161 0 0.8400 191 255 248 306
patient0074_0162 0 0.8541 210 258 248 306
patient0074_0163 0 0.8766 211 259 248 306
patient0074_0164 0 0.8924 213 259 248 306
patient0074_0165 0 0.8945 214 259 248 306
patient0074_0166 0 0.8764 214 259 248 306
patient0074_0167 0 0.8731 213 259 248 306
patient0074_0168 0 0.8691 213 259 247 307
patient0074_0169 0 0.8790 214 259 248 306
patient0074_0170 0 0.8729 214 259 249 306
patient0074_0171 0 0.8515 214 257 247 306
patient0074_0172 0 0.8476 215 258 247 306
patient0074_0173 0 0.8568 215 256 249 306
patient0074_0174 0 0.8714 214 254 249 306
patient0074_0175 0 0.8669 215 253 249 306
patient0074_0176 0 0.8763 214 254 251 305
patient0074_0177 0 0.8979 215 254 253 305
patient0074_0178 0 0.8997 216 253 252 304
patient0074_0179 0 0.9061 215 251 251 304
patient0074_0180 0 0.9131 214 252 250 304
patient0074_0181 0 0.9071 215 252 249 303
patient0074_0182 0 0.8987 215 252 249 303
patient0074_0183 0 0.8748 214 251 250 303
patient0074_0184 0 0.8684 214 251 250 302
patient0074_0185 0 0.6940 237 250 249 264
patient0074_0186 0 0.7198 236 250 248 262
patient0074_0187 0 0.6835 234 250 247 262
patient0074_0188 0 0.6591 210 251 244 300
patient0074_0188 0 0.4157 234 250 245 261
patient0074_0189 0 0.5740 233 250 244 260
patient0074_0190 0 0.6045 232 249 243 260
patient0074_0191 0 0.6003 231 250 243 260
patient0074_0192 0 0.6002 231 249 241 260
patient0074_0193 0 0.5873 231 249 241 260
patient0074_0194 0 0.6051 230 250 241 260
patient0074_0195 0 0.6292 230 250 241 261
patient0074_0196 0 0.4018 231 249 241 262
patient0075_0016 0 0.4709 0 245 15 292
patient0075_0026 0 0.6097 369 410 383 431
patient0075_0027 0 0.4920 367 409 382 433
patient0075_0161 0 0.3457 224 307 238 318
patient0075_0162 0 0.5808 224 306 238 319
patient0075_0163 0 0.6245 223 306 237 318
patient0075_0164 0 0.4661 222 306 236 317
patient0075_0165 0 0.5531 221 302 236 315
patient0075_0166 0 0.5056 220 295 236 314
patient0075_0168 0 0.2965 219 289 234 310
patient0075_0169 0 0.4843 219 288 234 310
patient0075_0173 0 0.5300 217 289 229 307
patient0075_0174 0 0.7342 215 282 228 303
patient0075_0175 0 0.7848 215 280 228 307
patient0075_0176 0 0.7900 214 278 229 310
patient0075_0177 0 0.7541 214 275 229 310
patient0075_0178 0 0.7586 213 272 229 311
patient0075_0179 0 0.7817 212 270 229 312
patient0075_0180 0 0.8019 212 269 230 312
patient0075_0181 0 0.7959 211 267 230 313
patient0075_0182 0 0.8371 210 265 231 313
patient0075_0183 0 0.8175 209 261 234 314
patient0075_0184 0 0.8205 207 258 240 314
patient0075_0185 0 0.7980 207 257 242 314
patient0075_0186 0 0.8754 204 255 246 315
patient0075_0187 0 0.8809 202 255 246 315
patient0075_0188 0 0.8872 202 254 248 315
patient0075_0189 0 0.8920 201 253 249 314
patient0075_0190 0 0.8934 201 253 249 315
patient0075_0191 0 0.8548 201 255 247 315
patient0075_0192 0 0.8328 202 257 251 315
patient0075_0193 0 0.8384 216 269 252 314
patient0075_0194 0 0.8416 215 270 252 314
patient0075_0195 0 0.8303 211 272 252 314
patient0075_0196 0 0.8612 211 271 253 314
patient0075_0197 0 0.8794 213 270 253 314
patient0075_0198 0 0.8931 214 272 253 313
patient0075_0199 0 0.8818 214 274 253 313
patient0075_0200 0 0.8696 214 272 254 312
patient0075_0201 0 0.8787 213 274 254 312
patient0075_0202 0 0.8910 213 273 255 311
patient0075_0203 0 0.8986 212 273 255 311
patient0075_0204 0 0.8805 212 273 255 312
patient0075_0205 0 0.8783 212 273 255 311
patient0075_0206 0 0.8891 211 273 254 310
patient0075_0207 0 0.8839 210 271 255 310
patient0075_0208 0 0.8623 208 268 255 310
patient0075_0209 0 0.7569 229 266 255 309
patient0075_0209 0 0.3176 214 271 255 310
patient0075_0210 0 0.7465 229 265 257 306
patient0075_0211 0 0.6121 229 263 258 305
patient0075_0212 0 0.5127 230 264 257 303
patient0075_0213 0 0.7940 231 265 257 303
patient0075_0214 0 0.8155 229 266 256 302
patient0075_0215 0 0.8168 230 267 256 301
patient0075_0216 0 0.8346 230 267 256 300
patient0075_0217 0 0.8508 231 267 254 298
patient0075_0218 0 0.8240 232 268 253 296
patient0075_0219 0 0.7621 232 267 252 291
patient0075_0220 0 0.6716 239 268 251 288
patient0075_0221 0 0.6846 239 269 250 287
patient0075_0222 0 0.6322 238 269 249 283
patient0075_0223 0 0.7333 236 269 249 282
patient0075_0224 0 0.7302 234 268 247 282
patient0075_0225 0 0.6715 233 267 245 280
patient0075_0226 0 0.6791 232 267 243 279
patient0075_0227 0 0.6439 231 267 242 279
patient0075_0228 0 0.5941 231 266 240 278
patient0076_0024 0 0.2672 362 335 395 389
patient0076_0060 0 0.4269 365 350 402 403
patient0076_0061 0 0.5885 365 351 402 400
patient0076_0062 0 0.6526 364 350 398 399
patient0076_0063 0 0.5455 364 349 397 400
patient0076_0064 0 0.2751 364 350 395 400
patient0076_0066 0 0.2672 364 359 392 404
patient0076_0067 0 0.2871 364 359 393 404
patient0076_0069 0 0.3588 158 334 202 375
patient0076_0070 0 0.5711 154 332 204 380
patient0076_0072 0 0.2967 311 276 330 293
patient0076_0099 0 0.4071 211 307 235 335
