patient0051_0223 0 0.6821 198 269 221 300
patient0051_0224 0 0.7758 198 270 221 301
patient0051_0225 0 0.7920 198 270 221 302
patient0051_0226 0 0.7049 197 269 222 302
patient0051_0227 0 0.5748 196 267 225 302
patient0051_0228 0 0.6266 195 266 224 301
patient0051_0229 0 0.6641 195 265 230 303
patient0051_0230 0 0.6604 194 263 230 302
patient0051_0231 0 0.7084 193 262 235 302
patient0051_0232 0 0.5718 191 261 235 303
patient0051_0233 0 0.5527 191 260 228 303
patient0051_0235 0 0.6117 188 244 240 304
patient0051_0236 0 0.8497 188 244 241 304
patient0051_0237 0 0.8586 187 243 243 305
patient0051_0238 0 0.8599 187 244 244 305
patient0051_0239 0 0.8699 187 242 244 305
patient0051_0240 0 0.8877 184 242 245 306
patient0051_0241 0 0.8903 184 240 245 306
patient0051_0242 0 0.8797 183 240 246 306
patient0051_0243 0 0.8739 183 240 245 305
patient0051_0244 0 0.8777 183 240 247 307
patient0051_0245 0 0.8600 182 240 247 307
patient0051_0246 0 0.8571 181 241 248 308
patient0051_0247 0 0.8459 180 241 249 308
patient0051_0248 0 0.8282 180 240 249 308
patient0051_0249 0 0.8285 179 240 249 307
patient0051_0250 0 0.8261 178 241 249 308
patient0051_0251 0 0.8287 177 241 250 309
patient0051_0252 0 0.8214 177 243 251 309
patient0051_0253 0 0.7910 177 249 252 309
patient0051_0254 0 0.7330 177 250 252 309
patient0051_0255 0 0.6379 175 248 252 310
patient0051_0256 0 0.3921 176 247 251 311
patient0051_0257 0 0.5597 204 245 251 311
patient0051_0258 0 0.7406 214 245 252 311
patient0051_0259 0 0.8521 216 247 258 312
patient0051_0260 0 0.8507 216 247 259 313
patient0051_0261 0 0.8455 215 246 260 313
patient0051_0262 0 0.8340 216 246 262 311
patient0051_0263 0 0.8471 214 247 263 313
patient0051_0264 0 0.8525 213 247 263 312
patient0051_0265 0 0.8050 213 246 264 312
patient0051_0266 0 0.7749 213 246 264 311
patient0051_0267 0 0.8037 212 246 263 312
patient0051_0268 0 0.7549 212 246 263 311
patient0051_0269 0 0.7708 210 247 260 311
patient0051_0270 0 0.7107 210 246 260 312
patient0051_0271 0 0.3341 237 246 259 275
patient0051_0271 0 0.3335 225 246 259 273
patient0051_0272 0 0.4808 226 243 257 269
patient0051_0272 0 0.4740 236 243 258 270
patient0051_0273 0 0.5171 230 243 257 267
patient0051_0274 0 0.5850 231 243 256 266
patient0051_0275 0 0.4768 229 243 256 267
patient0051_0276 0 0.3455 222 244 252 266
patient0051_0277 0 0.4218 224 244 249 265
patient0051_0278 0 0.4746 229 245 249 263
patient0051_0278 0 0.3698 231 244 254 264
patient0051_0279 0 0.5571 233 243 254 263
patient0051_0280 0 0.6665 231 242 253 264
patient0051_0281 0 0.5095 231 243 252 264
patient0051_0282 0 0.6385 234 243 251 262
patient0051_0283 0 0.7025 233 243 251 262
patient0051_0284 0 0.6703 229 243 250 262
patient0051_0284 0 0.3060 233 241 250 260
patient0051_0285 0 0.5919 235 243 249 261
patient0051_0285 0 0.2789 229 242 249 260
patient0051_0286 0 0.6162 236 244 248 260
patient0051_0287 0 0.5950 234 244 247 260
patient0051_0288 0 0.5944 233 244 246 260
patient0051_0289 0 0.5890 233 245 245 259
patient0051_0289 0 0.3769 230 246 244 260
patient0051_0290 0 0.5353 233 247 243 258
patient0051_0291 0 0.5358 233 246 242 258
patient0051_0292 0 0.3871 231 247 240 258
patient0051_0293 0 0.4805 231 247 240 258
patient0051_0294 0 0.4950 231 248 238 257
patient0051_0295 0 0.5579 228 248 237 257
patient0051_0296 0 0.5590 228 248 236 257
patient0051_0297 0 0.6160 228 247 236 257
patient0051_0297 0 0.2552 226 247 235 258
patient0051_0298 0 0.5605 228 248 235 257
patient0051_0299 0 0.4625 228 249 235 257
patient0051_0300 0 0.2528 227 249 234 257
patient0052_0151 0 0.2508 248 243 266 273
patient0052_0152 0 0.7166 248 240 267 276
patient0052_0153 0 0.7630 248 239 268 277
patient0052_0154 0 0.6961 246 237 269 277
patient0052_0155 0 0.7175 246 236 270 277
patient0052_0157 0 0.2838 243 232 267 279
patient0052_0158 0 0.4848 243 225 275 280
patient0052_0159 0 0.7269 242 223 279 281
patient0052_0160 0 0.8213 243 223 289 282
patient0052_0161 0 0.8274 242 220 290 282
patient0052_0162 0 0.8565 241 221 291 283
patient0052_0163 0 0.8042 240 220 294 283
patient0052_0164 0 0.7653 241 222 294 283
patient0052_0165 0 0.7498 238 219 294 283
patient0052_0166 0 0.8071 237 221 295 283
patient0052_0167 0 0.7608 235 222 297 283
patient0052_0168 0 0.8138 235 221 297 284
patient0052_0169 0 0.7865 234 220 297 284
patient0052_0170 0 0.8031 234 221 297 284
patient0052_0171 0 0.7371 235 221 298 282
patient0052_0177 0 0.6726 256 225 301 282
patient0052_0178 0 0.5372 254 225 300 281
patient0052_0179 0 0.7683 255 225 301 281
patient0052_0180 0 0.7885 256 227 300 282
patient0052_0181 0 0.6661 257 227 299 280
patient0052_0186 0 0.3494 279 228 299 256
patient0052_0187 0 0.3591 280 227 298 249
patient0052_0189 0 0.3935 275 215 297 244
patient0052_0192 0 0.4485 284 228 297 243
patient0053_0108 0 0.3225 196 269 212 302
patient0053_0109 0 0.4838 196 268 214 304
patient0053_0115 0 0.3918 194 255 211 306
patient0053_0116 0 0.5293 193 254 211 307
patient0053_0117 0 0.2959 194 252 213 307
patient0053_0118 0 0.5606 194 251 212 308
patient0053_0119 0 0.3781 190 252 211 307
patient0053_0121 0 0.2756 188 238 223 309
patient0053_0122 0 0.5070 189 239 233 309
patient0053_0123 0 0.4877 189 238 232 308
patient0053_0124 0 0.7530 187 237 231 308
patient0053_0125 0 0.7528 186 238 236 308
patient0053_0126 0 0.7979 187 237 236 308
patient0053_0127 0 0.8045 187 237 236 308
patient0053_0128 0 0.8039 187 236 240 309
patient0053_0129 0 0.8152 186 236 240 309
patient0053_0130 0 0.7987 184 234 240 309
patient0053_0131 0 0.7071 183 234 243 309
patient0053_0132 0 0.6050 183 232 244 310
patient0053_0133 0 0.2587 182 230 244 310
patient0053_0135 0 0.4859 186 227 248 309
patient0053_0136 0 0.7614 194 224 247 309
patient0053_0137 0 0.6969 193 224 248 310
patient0053_0137 0 0.5957 193 257 249 311
patient0053_0138 0 0.5317 190 224 246 308
patient0053_0153 0 0.2513 218 262 244 303
patient0053_0154 0 0.3362 216 257 245 304
patient0053_0155 0 0.4730 218 257 245 306
patient0053_0158 0 0.2563 216 258 243 306
patient0053_0220 0 0.4995 188 473 210 507
patient0053_0221 0 0.5253 187 474 211 508
patient0053_0245 0 0.4530 46 470 56 489
patient0054_0198 0 0.5418 206 279 223 303
patient0054_0199 0 0.7332 207 277 225 305
patient0054_0200 0 0.7669 205 276 225 306
patient0054_0201 0 0.7594 206 274 226 308
patient0054_0202 0 0.6853 205 272 227 309
patient0054_0203 0 0.7013 204 272 228 309
patient0054_0204 0 0.7228 204 271 229 311
patient0054_0205 0 0.6569 203 270 230 311
patient0054_0206 0 0.6267 203 261 250 313
patient0054_0206 0 0.4986 203 268 229 312
patient0054_0207 0 0.8042 202 260 250 314
patient0054_0208 0 0.7401 201 259 251 315
patient0054_0209 0 0.7966 200 259 252 314
patient0054_0210 0 0.8157 201 255 254 314
patient0054_0211 0 0.8431 200 253 255 315
patient0054_0212 0 0.8097 199 256 254 315
patient0054_0213 0 0.7828 199 257 255 315
patient0054_0214 0 0.8423 199 257 255 315
patient0054_0215 0 0.8497 197 255 255 315
patient0054_0216 0 0.8456 197 254 256 315
patient0054_0217 0 0.8459 197 254 257 315
patient0054_0218 0 0.8395 197 255 258 315
patient0054_0219 0 0.8511 196 253 257 315
patient0054_0220 0 0.8585 196 255 256 315
patient0054_0221 0 0.8520 196 257 258 315
patient0054_0222 0 0.8325 196 258 259 315
patient0054_0223 0 0.8360 196 257 259 315
patient0054_0224 0 0.8077 196 256 259 316
patient0054_0225 0 0.5866 198 258 260 316
patient0054_0226 0 0.5785 215 261 260 315
patient0054_0227 0 0.6870 216 261 260 315
patient0054_0228 0 0.4973 216 261 261 315
patient0054_0229 0 0.6693 216 262 261 315
patient0054_0230 0 0.6765 218 263 261 316
patient0054_0231 0 0.7129 220 264 261 315
patient0054_0232 0 0.7371 223 264 260 315
patient0054_0232 0 0.5001 302 200 315 223
patient0054_0233 0 0.5999 227 267 260 314
patient0054_0234 0 0.7513 221 266 261 315
patient0054_0235 0 0.7102 221 266 263 315
patient0054_0236 0 0.7303 220 265 263 315
patient0054_0237 0 0.7106 220 265 263 315
patient0054_0238 0 0.6936 218 265 263 315
patient0054_0239 0 0.7000 219 264 263 315
patient0054_0240 0 0.6630 218 264 263 315
patient0054_0240 0 0.4819 243 264 265 298
patient0054_0241 0 0.7303 219 264 263 315
patient0054_0241 0 0.4860 239 264 263 296
patient0054_0242 0 0.7636 220 264 262 315
patient0054_0243 0 0.6740 219 263 262 315
patient0054_0243 0 0.2649 243 264 262 293
patient0054_0244 0 0.5690 217 263 262 315
patient0054_0244 0 0.3046 244 263 262 293
patient0054_0245 0 0.2929 242 262 262 289
patient0054_0246 0 0.2959 241 267 261 287
patient0054_0247 0 0.5319 241 267 261 287
patient0054_0248 0 0.3957 242 266 261 286
patient0054_0250 0 0.3332 242 262 260 280
patient0054_0251 0 0.4508 243 261 260 280
patient0054_0252 0 0.4124 242 262 259 278
patient0054_0253 0 0.4135 245 262 258 277
patient0054_0254 0 0.4309 246 261 257 275
patient0054_0255 0 0.5311 245 262 257 275
patient0054_0256 0 0.4067 246 262 256 274
patient0054_0257 0 0.3960 245 261 255 272
patient0054_0258 0 0.3211 244 261 255 272
patient0054_0259 0 0.4669 242 261 255 273
patient0054_0260 0 0.3398 244 260 254 273
patient0054_0261 0 0.5258 243 261 253 272
patient0054_0262 0 0.5907 243 261 252 272
patient0054_0263 0 0.4695 244 262 251 272
patient0054_0264 0 0.4311 243 262 250 271
patient0055_0072 0 0.4053 397 284 431 322
patient0055_0073 0 0.6086 393 283 429 320
patient0055_0185 0 0.2682 189 259 204 275
patient0055_0186 0 0.6691 189 256 206 276
patient0055_0187 0 0.6238 188 255 207 278
patient0055_0188 0 0.4135 187 251 208 278
patient0055_0189 0 0.7128 186 252 208 277
patient0055_0190 0 0.5900 185 249 210 277
patient0055_0192 0 0.4725 183 238 214 279
patient0055_0193 0 0.5080 183 235 221 279
patient0055_0194 0 0.7080 182 236 224 278
patient0055_0195 0 0.5339 182 236 222 279
patient0055_0196 0 0.5838 181 236 222 279
patient0055_0197 0 0.6793 181 232 223 279
patient0055_0198 0 0.7923 179 233 223 281
patient0055_0199 0 0.8362 178 231 226 280
patient0055_0200 0 0.8178 177 232 226 281
patient0055_0201 0 0.8107 176 230 225 281
patient0055_0202 0 0.5473 174 225 225 281
patient0055_0202 0 0.5143 199 227 225 281
patient0055_0203 0 0.6420 174 227 227 280
patient0055_0204 0 0.7885 175 225 227 281
patient0055_0205 0 0.8042 175 228 226 281
patient0055_0206 0 0.5268 198 233 227 280
patient0055_0206 0 0.5237 175 232 226 280
patient0055_0207 0 0.8259 196 232 225 280
patient0055_0208 0 0.8316 201 233 228 280
patient0055_0209 0 0.8226 206 234 229 281
patient0055_0210 0 0.8005 205 234 228 280
patient0055_0211 0 0.8305 204 233 229 281
patient0055_0212 0 0.7400 202 232 231 277
patient0055_0213 0 0.7059 203 233 229 280
patient0055_0214 0 0.6819 203 232 235 281
patient0055_0215 0 0.6651 203 231 235 281
patient0055_0216 0 0.7145 202 229 234 281
patient0055_0217 0 0.6369 202 228 234 280
patient0055_0218 0 0.7538 201 229 235 280
patient0055_0219 0 0.3075 200 229 233 280
patient0055_0220 0 0.3654 214 229 234 248
patient0055_0221 0 0.4352 214 229 228 243
patient0055_0222 0 0.3840 215 229 228 243
patient0055_0222 0 0.3311 218 229 229 245
patient0055_0223 0 0.5687 214 229 228 243
patient0055_0224 0 0.5995 213 229 228 241
patient0055_0225 0 0.5542 214 229 226 240
patient0055_0226 0 0.5962 216 229 225 239
patient0055_0227 0 0.3316 213 229 226 239
patient0055_0228 0 0.5296 213 229 225 239
patient0055_0229 0 0.5307 212 229 223 239
patient0055_0230 0 0.3975 212 229 223 238
patient0056_0148 0 0.3945 171 248 227 299
patient0056_0149 0 0.4612 172 246 228 301
patient0056_0150 0 0.5883 173 246 230 302
patient0056_0151 0 0.6082 173 238 231 302
patient0056_0152 0 0.6324 171 238 231 302
patient0056_0153 0 0.8176 170 244 231 302
patient0056_0154 0 0.7639 170 241 232 302
patient0056_0155 0 0.8128 170 243 231 302
patient0056_0156 0 0.8005 168 241 231 303
patient0056_0157 0 0.7037 166 240 234 303
patient0056_0159 0 0.4840 165 237 234 303
patient0056_0160 0 0.6800 165 238 234 305
patient0056_0161 0 0.8237 164 236 233 305
patient0056_0166 0 0.4196 185 252 233 303
patient0056_0218 0 0.6327 135 9 147 26
patient0057_0225 0 0.2589 172 259 193 286
patient0057_0226 0 0.6966 171 258 193 288
patient0057_0227 0 0.6642 171 258 193 290
patient0057_0228 0 0.7539 169 257 193 290
patient0057_0229 0 0.7288 167 257 194 290
patient0057_0230 0 0.6549 166 256 196 290
patient0057_0231 0 0.6356 166 247 196 291
patient0057_0232 0 0.6856 164 248 197 293
patient0057_0233 0 0.7034 164 241 197 295
patient0057_0234 0 0.7583 163 239 206 296
patient0057_0235 0 0.8841 163 241 209 294
patient0057_0236 0 0.8524 163 241 209 295
patient0057_0237 0 0.8533 161 241 210 293
patient0057_0238 0 0.8756 160 242 211 293
patient0057_0239 0 0.8544 159 242 212 293
patient0057_0240 0 0.7982 158 241 212 292
patient0057_0241 0 0.7622 157 241 213 291
patient0057_0242 0 0.6496 157 240 213 292
patient0057_0243 0 0.6290 157 240 213 293
patient0057_0244 0 0.7031 157 240 214 294
patient0057_0245 0 0.7862 157 240 216 295
patient0057_0246 0 0.7935 156 240 216 296
patient0057_0247 0 0.8116 155 238 214 297
patient0057_0248 0 0.8262 155 236 213 298
patient0057_0249 0 0.8198 153 235 213 299
patient0057_0250 0 0.8194 152 236 214 299
patient0057_0251 0 0.7625 151 237 214 299
patient0057_0252 0 0.5526 152 240 224 299
patient0057_0253 0 0.3965 152 240 228 300
patient0057_0254 0 0.7199 192 241 217 269
patient0057_0255 0 0.6335 192 240 217 268
patient0057_0256 0 0.7519 185 239 227 302
patient0057_0257 0 0.7771 185 239 226 301
patient0057_0258 0 0.7484 184 239 225 301
patient0057_0259 0 0.7954 186 240 225 300
patient0057_0260 0 0.7684 184 240 226 300
patient0057_0261 0 0.7315 184 240 225 299
patient0057_0261 0 0.4680 200 240 225 270
patient0057_0262 0 0.7913 185 240 224 299
patient0057_0263 0 0.8013 186 239 224 299
patient0057_0264 0 0.8137 188 240 223 299
patient0057_0265 0 0.8213 183 239 222 301
patient0057_0266 0 0.8177 182 238 222 300
patient0057_0267 0 0.6728 184 238 223 298
patient0057_0267 0 0.3122 209 237 224 260
patient0057_0268 0 0.3739 208 234 223 258
patient0057_0269 0 0.3256 205 233 224 260
patient0057_0272 0 0.4976 204 236 222 259
patient0057_0273 0 0.6431 199 238 221 258
patient0057_0274 0 0.4877 199 238 221 256
patient0057_0275 0 0.4301 203 238 221 255
patient0057_0276 0 0.4300 202 239 220 256
patient0057_0277 0 0.5374 204 238 218 254
patient0057_0278 0 0.5460 204 238 216 253
patient0057_0279 0 0.5651 205 238 215 252
patient0057_0279 0 0.2548 203 239 220 253
patient0057_0280 0 0.5515 206 239 215 252
patient0057_0281 0 0.5154 205 239 214 250
patient0057_0282 0 0.4299 205 241 213 250
patient0057_0283 0 0.5085 205 241 212 250
patient0057_0284 0 0.5896 203 241 212 250
patient0057_0285 0 0.5258 203 240 211 251
patient0057_0286 0 0.5756 202 240 211 250
patient0057_0287 0 0.6136 202 240 210 250
patient0057_0288 0 0.4430 202 242 209 251
patient0057_0320 0 0.2975 135 286 152 305
patient0057_0321 0 0.2872 138 287 152 303
patient0057_0363 0 0.3016 110 271 144 310
patient0057_0363 0 0.2645 117 275 143 308
patient0057_0378 0 0.2554 114 273 149 310
patient0058_0140 0 0.3124 135 280 147 297
patient0058_0179 0 0.7893 203 224 263 290
patient0058_0180 0 0.8159 203 224 262 288
patient0058_0181 0 0.8483 202 225 263 291
patient0058_0182 0 0.8525 203 225 267 290
patient0058_0183 0 0.8406 201 225 267 291
patient0058_0185 0 0.7916 198 227 269 292
patient0058_0186 0 0.8462 199 227 268 291
patient0058_0187 0 0.8358 199 228 269 291
patient0058_0188 0 0.7982 198 228 270 291
patient0058_0189 0 0.8450 196 229 270 293
patient0058_0190 0 0.7839 193 225 271 293
patient0058_0191 0 0.5660 195 227 270 292
patient0058_0192 0 0.6624 192 224 270 294
patient0058_0192 0 0.5476 217 226 270 292
patient0058_0193 0 0.4073 227 225 276 293
patient0058_0194 0 0.3178 190 226 271 293
patient0058_0195 0 0.8056 194 227 271 293
patient0058_0196 0 0.7637 227 227 271 294
patient0058_0196 0 0.3082 209 228 270 293
patient0058_0197 0 0.8088 226 228 270 293
patient0058_0198 0 0.3555 226 226 273 293
patient0058_0204 0 0.6131 220 227 273 293
patient0058_0204 0 0.3430 249 227 273 248
patient0058_0205 0 0.3433 221 226 273 293
patient0058_0205 0 0.2965 252 226 273 248
patient0058_0206 0 0.4632 245 226 272 247
patient0058_0207 0 0.3441 245 223 272 244
patient0058_0208 0 0.5152 253 223 272 244
patient0058_0209 0 0.4073 247 223 270 242
patient0058_0210 0 0.3257 247 225 268 240
patient0058_0218 0 0.3170 249 225 258 235
patient0059_0176 0 0.5142 216 257 264 326
patient0059_0177 0 0.7193 215 252 264 324
patient0059_0178 0 0.7638 213 250 262 322
patient0059_0179 0 0.5726 211 250 263 322
patient0059_0180 0 0.4539 210 250 263 322
patient0059_0183 0 0.3827 231 249 256 275
patient0059_0186 0 0.3716 235 251 256 270
patient0059_0187 0 0.5365 236 250 253 268
patient0059_0188 0 0.4151 236 251 252 267
patient0059_0232 0 0.2953 127 289 146 309
patient0060_0219 0 0.3415 194 263 252 313
patient0060_0221 0 0.2930 191 265 248 314
patient0060_0222 0 0.2880 190 263 246 314
patient0060_0225 0 0.2623 188 255 242 314
patient0060_0235 0 0.6661 177 253 237 315
patient0060_0236 0 0.6263 178 255 242 313
patient0060_0237 0 0.5934 178 257 241 314
patient0060_0238 0 0.6264 178 257 240 315
patient0060_0239 0 0.8059 178 255 238 314
patient0060_0240 0 0.8072 178 255 238 314
patient0060_0241 0 0.6538 177 255 238 314
patient0060_0242 0 0.2955 186 255 238 314
patient0060_0244 0 0.3101 210 256 237 309
patient0060_0245 0 0.2885 212 257 237 292
patient0061_0151 0 0.3080 185 237 210 272
patient0061_0152 0 0.6462 188 238 209 274
patient0061_0153 0 0.6298 186 235 212 274
patient0061_0155 0 0.3863 184 231 214 277
patient0061_0162 0 0.6807 182 221 238 283
patient0061_0164 0 0.3458 177 215 242 283
patient0061_0166 0 0.2660 180 213 245 282
patient0061_0170 0 0.3888 176 211 246 284
patient0062_0211 0 0.4270 170 258 194 288
patient0062_0217 0 0.4908 165 242 209 291
patient0062_0218 0 0.7398 164 242 211 291
patient0062_0219 0 0.7209 165 243 212 291
patient0062_0220 0 0.7004 162 241 212 292
patient0062_0221 0 0.6356 162 241 212 292
patient0062_0222 0 0.6643 162 241 213 291
patient0062_0223 0 0.7468 162 241 212 292
patient0062_0224 0 0.5330 163 241 212 292
patient0062_0224 0 0.4570 178 241 212 292
patient0062_0225 0 0.2784 180 240 213 291
patient0062_0227 0 0.7112 185 240 211 293
patient0062_0228 0 0.7747 185 241 211 293
patient0062_0229 0 0.7808 182 240 218 293
patient0062_0230 0 0.8211 181 239 221 293
patient0062_0231 0 0.8985 181 238 220 292
patient0062_0232 0 0.8337 181 239 219 291
patient0062_0233 0 0.8073 181 239 218 291
patient0062_0234 0 0.7905 180 238 219 291
patient0062_0235 0 0.5944 199 238 217 270
patient0062_0236 0 0.6525 196 238 217 267
patient0062_0237 0 0.5921 196 238 216 263
patient0062_0240 0 0.2534 197 240 209 252
patient0062_0242 0 0.2805 197 241 208 252
patient0062_0243 0 0.3758 197 241 208 252
patient0062_0279 0 0.4155 226 291 237 303
patient0062_0280 0 0.3420 226 291 237 303
patient0062_0281 0 0.4120 227 289 239 304
patient0062_0282 0 0.3463 228 290 239 304
patient0063_0218 0 0.7237 216 314 235 343
patient0063_0219 0 0.7424 217 314 236 345
patient0063_0220 0 0.6304 215 311 239 348
patient0063_0221 0 0.6477 216 309 239 346
patient0063_0222 0 0.6784 216 309 239 347
patient0063_0223 0 0.4934 215 308 234 347
patient0063_0226 0 0.3155 215 305 239 349
patient0063_0228 0 0.5883 214 306 242 350
patient0063_0229 0 0.5077 215 304 248 351
patient0063_0234 0 0.4517 216 297 242 343
patient0063_0235 0 0.2606 214 296 242 355
patient0063_0237 0 0.3031 213 292 249 355
patient0063_0238 0 0.7266 213 290 265 355
patient0063_0239 0 0.6477 212 288 268 356
patient0063_0240 0 0.8378 212 287 270 358
patient0063_0241 0 0.8345 211 287 269 356
patient0063_0242 0 0.8128 210 287 270 355
patient0063_0243 0 0.8450 209 287 271 356
patient0063_0244 0 0.8622 209 287 272 356
patient0063_0245 0 0.8604 209 287 273 357
patient0063_0246 0 0.8629 209 287 273 357
patient0063_0247 0 0.8390 208 286 274 355
patient0063_0248 0 0.8402 207 287 273 355
patient0063_0249 0 0.8379 207 286 274 356
patient0063_0250 0 0.7851 206 287 275 355
patient0063_0251 0 0.6305 204 291 275 355
patient0063_0253 0 0.3929 248 301 274 327
patient0063_0254 0 0.3332 226 301 275 357
patient0063_0255 0 0.5723 226 301 275 356
patient0063_0256 0 0.6899 225 300 275 358
patient0063_0257 0 0.6979 224 300 275 359
patient0063_0258 0 0.5199 224 300 275 359
patient0063_0260 0 0.2697 258 300 274 322
patient0063_0263 0 0.3148 259 305 274 326
patient0063_0264 0 0.3839 259 304 275 329
patient0063_0265 0 0.4816 259 306 275 331
patient0063_0266 0 0.4753 257 306 274 330
patient0063_0267 0 0.4123 259 305 274 326
patient0063_0267 0 0.3372 255 305 274 327
patient0063_0277 0 0.3367 253 307 269 319
patient0063_0278 0 0.3438 256 306 269 318
patient0063_0279 0 0.3314 256 303 269 317
patient0063_0282 0 0.3640 256 305 266 317
patient0063_0283 0 0.3891 257 303 266 317
patient0064_0065 0 0.4783 205 291 261 346
patient0064_0232 0 0.4949 198 297 220 327
patient0064_0233 0 0.6385 198 295 219 327
patient0064_0234 0 0.7626 198 294 220 329
patient0064_0235 0 0.6900 197 293 221 329
patient0064_0236 0 0.7420 196 293 222 330
patient0064_0237 0 0.6312 194 292 222 331
patient0064_0238 0 0.5526 193 289 218 332
patient0064_0239 0 0.3341 192 289 220 333
patient0064_0240 0 0.6059 191 279 240 332
patient0064_0240 0 0.4117 192 290 223 332
patient0064_0241 0 0.8380 190 275 241 333
patient0064_0242 0 0.8867 189 276 242 333
patient0064_0243 0 0.8913 189 276 243 334
patient0064_0244 0 0.8840 188 276 244 334
patient0064_0245 0 0.8721 188 276 244 335
patient0064_0246 0 0.8585 187 276 245 334
patient0064_0247 0 0.8597 187 276 247 334
patient0064_0248 0 0.8405 186 276 249 334
patient0064_0249 0 0.8463 185 278 248 335
patient0064_0250 0 0.8749 185 278 248 335
patient0064_0251 0 0.8619 185 278 249 335
patient0064_0252 0 0.8716 185 278 249 335
patient0064_0253 0 0.8722 185 278 250 335
patient0064_0254 0 0.8651 184 277 250 336
patient0064_0255 0 0.8292 181 276 250 336
patient0064_0256 0 0.7948 182 277 251 335
patient0064_0257 0 0.7961 182 278 251 337
patient0064_0258 0 0.7858 183 278 250 337
patient0064_0259 0 0.6654 182 278 250 336
patient0064_0259 0 0.6537 208 281 251 335
patient0064_0260 0 0.5253 209 279 251 337
patient0064_0261 0 0.6531 211 279 252 336
patient0064_0262 0 0.6570 206 280 252 336
patient0064_0263 0 0.7415 207 281 251 337
patient0064_0264 0 0.7603 207 264 251 338
patient0064_0265 0 0.6785 212 273 250 339
patient0064_0266 0 0.7043 212 279 251 337
patient0064_0267 0 0.3707 236 280 251 298
patient0064_0267 0 0.3473 214 278 252 337
patient0064_0268 0 0.7596 213 279 255 337
patient0064_0269 0 0.8109 214 278 251 336
patient0064_0270 0 0.8288 214 278 253 336
patient0064_0271 0 0.8123 211 278 250 335
patient0064_0272 0 0.8299 212 278 249 335
patient0064_0273 0 0.8256 213 276 249 335
patient0064_0274 0 0.8514 216 276 249 335
patient0064_0275 0 0.8122 214 275 251 337
patient0064_0276 0 0.7844 213 276 256 337
patient0064_0276 0 0.3272 216 276 256 321
patient0064_0277 0 0.7879 213 276 254 336
patient0064_0278 0 0.7987 213 275 253 336
patient0064_0279 0 0.8163 211 274 252 336
patient0064_0279 0 0.2994 215 275 252 323
patient0064_0280 0 0.8177 210 274 251 336
patient0064_0281 0 0.6881 211 274 252 335
patient0064_0281 0 0.4993 233 275 253 300
patient0064_0282 0 0.7840 210 274 251 334
patient0064_0283 0 0.6750 210 273 251 334
patient0064_0283 0 0.5311 233 274 252 300
patient0064_0284 0 0.5350 232 275 249 296
patient0064_0284 0 0.3438 209 274 250 334
patient0064_0285 0 0.4483 233 274 248 292
patient0064_0285 0 0.4187 228 275 247 290
patient0064_0286 0 0.4357 228 274 247 288
patient0064_0286 0 0.4115 234 273 248 290
patient0064_0287 0 0.5791 231 272 248 288
patient0064_0288 0 0.6567 231 272 247 288
patient0064_0289 0 0.5912 234 272 247 287
patient0064_0290 0 0.4704 233 271 245 285
patient0064_0291 0 0.6072 234 270 246 284
patient0064_0292 0 0.6347 234 270 247 286
patient0064_0293 0 0.5984 233 270 246 285
patient0064_0294 0 0.5858 233 271 245 283
patient0064_0295 0 0.4869 232 271 242 281
patient0064_0296 0 0.5452 229 272 239 281
patient0064_0297 0 0.5888 229 272 246 288
patient0064_0298 0 0.3744 229 272 240 280
patient0064_0312 0 0.4027 222 275 232 285
patient0065_0048 0 0.2672 343 378 362 409
patient0065_0168 0 0.6375 199 240 221 263
patient0065_0169 0 0.6063 198 240 221 263
patient0065_0172 0 0.6454 195 218 228 265
patient0065_0173 0 0.4969 192 214 235 266
patient0065_0174 0 0.6278 191 214 236 266
patient0065_0175 0 0.7726 189 214 238 266
patient0065_0176 0 0.7042 189 214 237 266
patient0065_0177 0 0.8043 187 212 238 267
patient0065_0178 0 0.7572 185 212 239 266
patient0065_0179 0 0.8368 184 211 239 268
patient0065_0180 0 0.8199 184 211 238 269
patient0065_0181 0 0.7772 183 212 240 269
patient0065_0182 0 0.7478 182 211 241 270
patient0065_0183 0 0.7063 182 211 243 270
patient0065_0184 0 0.5709 181 212 242 270
patient0065_0185 0 0.6279 180 211 241 270
patient0065_0186 0 0.6543 181 211 244 270
patient0065_0187 0 0.6683 180 211 243 271
patient0065_0188 0 0.7454 181 210 244 271
patient0065_0189 0 0.5410 203 210 246 270
patient0065_0190 0 0.6791 207 203 243 271
patient0065_0191 0 0.7075 208 207 244 272
patient0065_0192 0 0.7567 209 203 245 272
patient0065_0193 0 0.7433 208 203 242 272
patient0065_0194 0 0.2559 210 210 255 273
patient0065_0195 0 0.6590 208 212 250 272
patient0065_0196 0 0.7049 210 211 249 272
patient0065_0197 0 0.6172 208 210 252 271
patient0065_0198 0 0.6220 207 212 251 272
patient0065_0199 0 0.3793 207 211 251 273
patient0065_0200 0 0.3656 208 206 250 273
patient0065_0201 0 0.6805 207 204 249 272
patient0065_0202 0 0.2599 232 206 247 224
patient0065_0203 0 0.5128 231 207 247 227
patient0065_0204 0 0.6059 229 206 247 227
patient0065_0205 0 0.3775 225 206 246 226
patient0065_0207 0 0.4008 231 208 240 222
patient0065_0208 0 0.4233 228 208 242 224
patient0065_0209 0 0.5599 228 208 241 222
patient0065_0210 0 0.5996 228 207 242 224
patient0065_0211 0 0.6022 229 208 241 224
patient0065_0212 0 0.4907 223 208 241 225
patient0065_0213 0 0.4187 225 206 240 223
patient0065_0215 0 0.5735 225 208 234 220
patient0065_0216 0 0.5273 224 210 233 221
patient0065_0219 0 0.3713 221 210 233 220
patient0066_0078 0 0.2950 117 118 147 151
patient0066_0116 0 0.2822 180 185 211 249
patient0066_0120 0 0.3165 181 184 214 248
patient0066_0121 0 0.2890 166 184 216 249
patient0066_0125 0 0.2812 179 181 216 244
patient0066_0129 0 0.4492 174 180 213 241
patient0066_0163 0 0.7299 185 222 208 250
patient0066_0164 0 0.6092 184 219 210 251
patient0066_0165 0 0.4717 183 220 208 251
patient0066_0167 0 0.3610 180 214 210 252
patient0066_0168 0 0.5972 180 213 210 252
patient0066_0169 0 0.6703 179 213 210 253
patient0066_0170 0 0.5874 177 212 215 254
patient0066_0170 0 0.3497 177 209 229 254
patient0066_0171 0 0.5455 176 204 222 255
patient0066_0172 0 0.3886 176 197 227 255
patient0066_0173 0 0.8067 175 196 225 254
patient0066_0174 0 0.8226 173 196 224 257
patient0066_0175 0 0.8444 171 197 226 256
patient0066_0176 0 0.8612 171 197 225 257
patient0066_0177 0 0.8583 170 194 226 258
patient0066_0178 0 0.8245 170 198 229 257
patient0066_0179 0 0.7515 169 190 231 258
patient0066_0180 0 0.8113 168 191 231 258
patient0066_0181 0 0.8112 168 192 231 257
patient0066_0182 0 0.7627 167 193 232 257
patient0066_0183 0 0.7663 166 194 231 259
patient0066_0184 0 0.8070 166 191 230 259
patient0066_0185 0 0.8359 164 195 231 259
patient0066_0186 0 0.8127 164 199 236 259
patient0066_0187 0 0.8249 163 196 233 260
patient0066_0188 0 0.8186 163 194 232 260
patient0066_0189 0 0.8054 163 195 233 261
patient0066_0190 0 0.2795 162 194 235 261
patient0066_0191 0 0.3280 198 194 239 261
patient0066_0192 0 0.6705 193 194 244 261
patient0066_0192 0 0.3656 211 195 244 252
patient0066_0193 0 0.6880 202 194 244 262
patient0066_0194 0 0.8191 199 196 245 262
patient0066_0195 0 0.8023 196 196 245 262
patient0066_0196 0 0.6908 197 195 243 262
patient0066_0197 0 0.6655 194 193 245 262
patient0066_0198 0 0.6759 193 194 246 263
patient0066_0198 0 0.3000 219 195 247 238
patient0066_0199 0 0.5617 191 191 246 263
patient0066_0200 0 0.6402 190 193 245 263
patient0066_0201 0 0.7462 191 194 243 263
patient0066_0202 0 0.6522 190 192 242 263
patient0066_0202 0 0.2964 216 192 243 229
patient0066_0203 0 0.4270 211 190 243 226
patient0066_0204 0 0.5228 210 190 241 222
patient0066_0205 0 0.4838 221 191 241 222
patient0066_0205 0 0.3801 213 191 241 223
patient0066_0206 0 0.5271 220 191 240 217
patient0066_0206 0 0.4256 188 191 238 262
patient0066_0207 0 0.6511 217 192 238 215
patient0066_0208 0 0.7280 217 193 238 216
patient0066_0209 0 0.6872 221 194 237 215
patient0066_0210 0 0.5070 221 194 236 214
patient0066_0211 0 0.6246 218 194 236 212
patient0066_0212 0 0.5945 222 194 235 211
patient0066_0213 0 0.5192 221 194 234 210
patient0066_0214 0 0.4736 217 196 233 210
patient0066_0215 0 0.5903 220 195 232 209
patient0066_0216 0 0.5551 222 194 232 208
patient0066_0217 0 0.3077 219 194 228 207
patient0066_0218 0 0.2559 218 196 226 206
patient0066_0219 0 0.6182 218 195 227 207
patient0066_0220 0 0.4193 217 195 226 207
patient0066_0221 0 0.5402 217 197 225 206
patient0066_0261 0 0.2542 235 265 261 292
patient0066_0262 0 0.3593 236 264 262 291
patient0067_0073 0 0.2624 388 388 406 405
patient0067_0167 0 0.2598 203 291 213 320
patient0067_0179 0 0.6664 180 274 224 325
patient0067_0180 0 0.8386 179 274 228 326
patient0067_0181 0 0.7963 176 273 227 329
patient0067_0182 0 0.8211 176 270 230 328
patient0067_0183 0 0.8051 174 267 232 328
patient0067_0184 0 0.8191 173 270 231 329
patient0067_0185 0 0.8244 172 272 234 330
patient0067_0186 0 0.8061 172 272 235 328
patient0067_0187 0 0.7553 169 273 236 330
patient0067_0188 0 0.6707 168 269 237 332
patient0067_0189 0 0.7923 167 274 237 333
patient0067_0190 0 0.7516 166 274 236 337
patient0067_0191 0 0.6122 167 274 237 331
patient0067_0192 0 0.5328 177 272 238 332
patient0067_0192 0 0.5181 204 272 238 331
patient0067_0193 0 0.4831 168 273 238 332
patient0067_0194 0 0.2983 170 275 237 333
patient0067_0195 0 0.4497 202 274 238 333
patient0067_0196 0 0.2589 199 274 236 333
patient0067_0197 0 0.4160 199 273 238 338
patient0067_0198 0 0.5844 206 273 239 335
patient0067_0199 0 0.4808 203 272 237 338
patient0067_0203 0 0.6514 206 271 246 330
patient0067_0204 0 0.7444 204 272 244 332
patient0067_0205 0 0.7616 204 272 243 333
patient0067_0206 0 0.7259 203 272 239 334
patient0067_0207 0 0.5825 200 264 241 334
patient0067_0209 0 0.4845 199 269 243 332
patient0067_0212 0 0.2548 219 266 236 291
patient0067_0213 0 0.2849 219 266 234 282
patient0067_0216 0 0.2619 219 268 232 282
patient0067_0217 0 0.4524 214 269 232 283
patient0068_0166 0 0.3901 168 261 196 289
patient0068_0167 0 0.2840 168 260 197 290
patient0068_0168 0 0.5155 166 258 197 289
patient0068_0169 0 0.7328 166 258 198 288
patient0068_0170 0 0.3703 165 256 198 288
patient0068_0173 0 0.3569 161 233 208 290
patient0068_0174 0 0.7511 158 235 209 291
patient0068_0175 0 0.8022 157 236 210 290
patient0068_0176 0 0.8236 157 235 211 288
patient0068_0177 0 0.8126 155 234 211 290
patient0068_0178 0 0.7478 155 235 212 290
patient0068_0179 0 0.7805 155 234 212 293
patient0068_0180 0 0.7690 155 234 213 292
patient0068_0181 0 0.8059 154 233 213 301
patient0068_0182 0 0.7084 153 234 213 296
patient0068_0183 0 0.6511 153 234 213 291
patient0068_0184 0 0.6418 151 234 213 292
patient0068_0185 0 0.6299 151 233 214 292
patient0068_0186 0 0.4299 176 232 214 292
patient0068_0187 0 0.5005 178 232 214 292
patient0068_0189 0 0.5719 183 233 213 295
patient0068_0190 0 0.6226 186 232 224 293
patient0068_0191 0 0.4638 184 233 217 291
patient0068_0193 0 0.7656 184 232 222 295
patient0068_0194 0 0.6573 182 233 222 295
patient0068_0200 0 0.4552 193 230 216 252
patient0068_0201 0 0.4551 195 230 216 251
patient0068_0202 0 0.2955 193 231 215 250
patient0068_0203 0 0.3985 191 232 212 251
patient0068_0204 0 0.4030 190 234 212 248
patient0068_0208 0 0.3418 195 233 206 244
patient0068_0209 0 0.3336 196 233 206 243
patient0069_0179 0 0.5424 214 200 264 271
patient0069_0182 0 0.2922 210 202 271 269
patient0069_0183 0 0.5264 211 199 273 270
patient0069_0184 0 0.7630 208 199 272 270
patient0069_0185 0 0.7850 209 200 273 270
patient0069_0186 0 0.7080 208 199 273 270
patient0069_0187 0 0.8064 208 200 273 271
patient0069_0188 0 0.8385 209 200 273 271
patient0069_0189 0 0.8389 209 198 275 271
patient0069_0190 0 0.8311 208 199 275 271
patient0069_0191 0 0.8233 208 198 275 270
patient0069_0192 0 0.3602 206 200 275 272
patient0069_0193 0 0.3917 226 216 275 272
patient0069_0195 0 0.4064 228 213 276 272
patient0069_0196 0 0.6352 226 214 277 272
patient0069_0197 0 0.4621 228 214 277 272
patient0069_0198 0 0.2763 228 210 278 272
patient0070_0222 0 0.2737 249 298 273 332
patient0070_0223 0 0.3130 247 297 272 331
patient0070_0224 0 0.6957 247 295 273 332
patient0070_0225 0 0.6585 242 294 273 333
patient0070_0226 0 0.2637 238 290 272 334
patient0070_0227 0 0.3303 241 286 278 335
patient0070_0229 0 0.3062 236 283 277 337
patient0070_0230 0 0.3365 237 280 279 337
patient0070_0231 0 0.7631 236 280 278 337
patient0070_0232 0 0.7362 235 282 277 337
patient0070_0233 0 0.7867 232 278 281 338
patient0070_0234 0 0.8179 230 280 282 338
patient0070_0235 0 0.8391 227 280 283 339
patient0070_0236 0 0.8046 227 280 283 340
patient0070_0237 0 0.7988 228 278 286 340
patient0070_0238 0 0.7566 227 278 287 340
patient0070_0239 0 0.5046 225 278 287 339
patient0070_0247 0 0.4578 257 277 288 337
patient0070_0250 0 0.4619 248 276 290 339
patient0070_0253 0 0.5825 264 278 287 333
patient0070_0254 0 0.6156 265 278 288 334
patient0070_0255 0 0.6806 264 279 287 334
patient0070_0256 0 0.6523 265 279 287 334
patient0070_0257 0 0.5724 266 278 289 333
patient0070_0258 0 0.6025 265 279 289 333
patient0070_0259 0 0.5912 264 278 290 333
patient0070_0260 0 0.3558 259 277 293 333
patient0070_0261 0 0.4212 261 276 293 332
patient0070_0265 0 0.4439 260 275 297 330
patient0070_0266 0 0.4859 259 274 290 330
patient0070_0266 0 0.3683 270 274 290 296
patient0070_0267 0 0.3994 268 274 285 290
patient0070_0268 0 0.3246 270 273 285 288
patient0071_0042 0 0.2784 338 347 407 410
patient0071_0199 0 0.7616 184 258 202 290
patient0071_0200 0 0.4092 182 257 203 290
patient0071_0202 0 0.2771 181 251 205 292
patient0071_0203 0 0.7348 182 250 206 293
patient0071_0204 0 0.4782 182 249 207 294
patient0071_0205 0 0.7423 182 244 229 296
patient0071_0205 0 0.2722 182 248 208 296
patient0071_0206 0 0.8997 182 235 229 295
patient0071_0207 0 0.8229 181 235 232 295
patient0071_0208 0 0.8171 181 235 233 296
patient0071_0209 0 0.7974 181 238 233 296
patient0071_0210 0 0.8155 181 237 233 296
patient0071_0211 0 0.8197 179 233 234 300
patient0071_0212 0 0.7247 179 236 235 298
patient0071_0213 0 0.8266 180 237 236 298
patient0071_0214 0 0.8120 181 237 236 299
patient0071_0215 0 0.7711 178 236 236 301
patient0071_0216 0 0.7380 177 235 236 300
patient0071_0217 0 0.7899 178 235 237 299
patient0071_0218 0 0.8366 177 235 238 301
patient0071_0219 0 0.8460 178 236 238 301
patient0071_0220 0 0.8120 178 237 238 303
patient0071_0221 0 0.4763 192 247 242 300
patient0071_0222 0 0.3611 197 249 241 301
patient0071_0225 0 0.6593 197 247 242 301
patient0071_0226 0 0.7699 196 246 242 301
patient0071_0229 0 0.5994 194 247 241 298
patient0071_0230 0 0.8013 194 248 242 299
patient0071_0231 0 0.5343 194 248 242 298
patient0072_0059 0 0.3042 0 294 7 331
patient0072_0060 0 0.2682 430 297 443 318
patient0072_0094 0 0.3382 234 297 247 320
patient0072_0095 0 0.2910 234 298 249 326
patient0072_0176 0 0.6259 218 270 236 296
patient0072_0177 0 0.6414 215 269 238 300
patient0072_0178 0 0.5176 214 267 241 303
patient0072_0179 0 0.7202 214 248 264 304
patient0072_0180 0 0.7339 213 249 264 304
patient0072_0181 0 0.5534 212 250 267 306
patient0072_0182 0 0.7167 210 249 268 306
patient0072_0183 0 0.7263 210 249 268 307
patient0072_0184 0 0.6495 210 250 270 308
patient0072_0185 0 0.7522 209 250 269 308
patient0072_0186 0 0.8444 209 250 271 308
patient0072_0187 0 0.8310 209 250 271 309
patient0072_0188 0 0.8237 209 250 273 308
patient0072_0189 0 0.7250 207 250 273 309
patient0072_0190 0 0.8115 203 249 273 309
patient0072_0191 0 0.8442 201 249 273 310
patient0072_0192 0 0.8173 203 249 274 311
patient0072_0193 0 0.6880 201 249 274 312
patient0072_0194 0 0.6927 201 249 273 312
patient0072_0195 0 0.7843 201 249 274 313
patient0072_0196 0 0.3107 233 249 274 313
patient0072_0198 0 0.4835 231 251 274 314
patient0072_0199 0 0.2643 231 251 273 311
patient0072_0200 0 0.2610 231 252 277 313
patient0072_0203 0 0.2721 230 249 278 311
patient0072_0204 0 0.3801 260 250 278 306
patient0072_0205 0 0.2664 226 249 276 310
patient0072_0206 0 0.3345 257 249 278 275
patient0072_0207 0 0.4181 259 249 280 278
patient0072_0208 0 0.3434 225 249 278 309
patient0072_0208 0 0.2660 257 248 280 277
patient0072_0210 0 0.3186 249 249 277 275
patient0072_0216 0 0.2520 253 248 266 263
patient0072_0217 0 0.3205 256 249 265 262
patient0072_0218 0 0.3970 254 248 264 261
patient0072_0219 0 0.4456 254 247 264 260
patient0072_0220 0 0.4334 252 248 261 259
patient0072_0221 0 0.4682 251 247 260 260
patient0072_0222 0 0.5822 250 247 260 261
patient0072_0223 0 0.4984 250 248 260 260
patient0072_0224 0 0.4773 251 248 259 259
patient0072_0225 0 0.4531 250 249 257 258
patient0073_0047 0 0.3963 74 268 90 292
patient0073_0153 0 0.3125 198 248 226 287
patient0073_0154 0 0.6159 199 248 229 289
patient0073_0155 0 0.6562 200 250 229 290
patient0073_0156 0 0.5086 200 246 229 291
patient0073_0157 0 0.7646 200 247 228 290
patient0073_0158 0 0.7923 200 244 229 291
patient0073_0159 0 0.8087 200 244 230 291
patient0073_0160 0 0.7837 199 243 230 292
patient0073_0161 0 0.7514 199 242 231 292
patient0073_0162 0 0.7071 198 241 232 292
patient0073_0163 0 0.6598 196 241 232 293
patient0073_0164 0 0.7069 194 239 233 294
patient0073_0165 0 0.6742 194 234 239 294
patient0073_0166 0 0.8602 192 230 245 295
patient0073_0167 0 0.8592 192 230 245 295
patient0073_0168 0 0.8674 192 230 246 295
patient0073_0169 0 0.8741 190 229 247 294
patient0073_0170 0 0.8664 189 230 247 296
patient0073_0171 0 0.8547 188 231 250 300
patient0073_0172 0 0.8406 187 230 251 297
patient0073_0173 0 0.8608 185 229 251 296
patient0073_0174 0 0.8380 185 228 250 295
patient0073_0175 0 0.7131 197 233 252 294
patient0073_0176 0 0.4850 199 232 249 295
patient0073_0177 0 0.4055 190 229 250 300
patient0073_0178 0 0.5964 206 235 251 296
patient0073_0179 0 0.5677 207 233 251 296
patient0073_0181 0 0.3140 217 234 251 300
patient0073_0182 0 0.3177 215 235 250 299
patient0073_0183 0 0.7615 214 235 251 299
patient0073_0184 0 0.7824 213 235 251 298
patient0073_0185 0 0.7840 211 235 251 298
patient0073_0186 0 0.7825 211 231 253 298
patient0073_0187 0 0.8044 212 228 255 297
patient0073_0188 0 0.8053 210 228 257 295
patient0073_0189 0 0.8283 207 232 257 296
patient0073_0190 0 0.4150 208 234 257 294
patient0073_0191 0 0.4731 234 231 259 282
patient0073_0192 0 0.4509 230 231 258 287
patient0073_0193 0 0.3585 225 234 258 295
patient0073_0193 0 0.3391 226 233 258 276
patient0073_0193 0 0.3388 237 232 258 269
patient0073_0194 0 0.4411 229 234 256 265
patient0073_0194 0 0.3581 224 234 257 297
patient0073_0195 0 0.5070 231 235 254 258
patient0073_0196 0 0.5601 230 235 255 260
patient0073_0197 0 0.5893 232 234 255 253
patient0073_0198 0 0.6599 235 234 256 255
patient0073_0199 0 0.6405 235 235 255 254
patient0073_0200 0 0.6406 235 234 254 253
patient0073_0201 0 0.6596 234 235 252 253
patient0073_0202 0 0.7107 232 235 251 254
patient0073_0203 0 0.6384 231 236 249 253
patient0073_0204 0 0.5446 231 236 248 252
patient0073_0205 0 0.4465 233 236 246 249
patient0073_0206 0 0.3564 231 237 244 249
patient0073_0207 0 0.3805 231 234 243 247
patient0073_0208 0 0.5410 233 234 242 246
patient0073_0209 0 0.4893 232 235 242 246
patient0073_0210 0 0.2988 233 234 242 246
patient0073_0249 0 0.3303 151 214 193 298
patient0073_0250 0 0.6123 150 215 195 298
patient0074_0007 0 0.7515 327 406 357 436
patient0074_0123 0 0.3338 489 472 511 511
patient0074_0124 0 0.5025 489 470 511 511
patient0074_0129 0 0.4189 498 471 511 510
patient0074_0147 0 0.4536 203 271 220 295
patient0074_0149 0 0.6256 200 254 243 300
patient0074_0150 0 0.6541 200 254 244 301
patient0074_0151 0 0.6534 199 254 244 302
patient0074_0152 0 0.7508 198 254 244 302
patient0074_0153 0 0.8645 197 255 246 303
patient0074_0154 0 0.8593 197 255 247 303
patient0074_0155 0 0.8322 195 252 248 303
patient0074_0156 0 0.8626 194 249 248 303
patient0074_0157 0 0.8391 194 253 248 303
patient0074_0158 0 0.8290 191 253 249 305
patient0074_0159 0 0.8405 190 251 249 306
patient0074_0160 0 0.8241 190 253 249 306
patient0074_0161 0 0.7469 189 248 247 306
patient0074_0162 0 0.6224 189 250 249 306
patient0074_0162 0 0.4331 188 229 249 306
patient0074_0164 0 0.5125 215 259 249 306
patient0074_0165 0 0.8405 214 259 248 306
patient0074_0166 0 0.8342 213 258 248 306
patient0074_0167 0 0.8073 212 258 248 306
patient0074_0168 0 0.6678 212 257 249 305
patient0074_0169 0 0.5944 212 258 249 307
patient0074_0170 0 0.2696 214 258 248 305
patient0074_0175 0 0.4847 213 251 249 306
patient0074_0176 0 0.6702 213 251 252 307
patient0074_0177 0 0.6780 213 253 252 306
patient0074_0178 0 0.7570 215 252 252 305
patient0074_0179 0 0.6281 214 251 250 304
patient0074_0180 0 0.6484 214 251 249 304
patient0074_0181 0 0.7134 213 251 247 304
patient0074_0182 0 0.5847 214 251 249 303
patient0074_0183 0 0.2733 239 249 249 266
patient0074_0185 0 0.2776 236 251 247 262
patient0074_0186 0 0.4352 237 250 247 261
patient0074_0188 0 0.2676 235 252 245 260
patient0074_0189 0 0.2638 235 252 244 260
patient0075_0096 0 0.2564 43 291 63 313
patient0075_0097 0 0.3232 43 290 62 312
patient0075_0178 0 0.3242 212 273 228 310
patient0075_0179 0 0.4399 211 269 227 310
patient0075_0180 0 0.5280 212 269 228 311
patient0075_0181 0 0.4926 211 269 227 312
patient0075_0182 0 0.6911 209 265 228 312
patient0075_0183 0 0.7450 208 262 231 314
patient0075_0184 0 0.5427 208 259 231 313
patient0075_0184 0 0.3873 207 256 246 314
patient0075_0185 0 0.7491 206 255 243 315
patient0075_0186 0 0.8005 203 255 246 315
patient0075_0187 0 0.8304 202 256 247 315
patient0075_0188 0 0.7877 201 254 249 315
patient0075_0189 0 0.8297 201 255 250 315
patient0075_0190 0 0.8512 201 255 251 315
patient0075_0191 0 0.7522 200 256 253 315
patient0075_0192 0 0.7140 199 255 254 316
patient0075_0193 0 0.5082 201 256 253 315
patient0075_0196 0 0.4947 200 267 254 314
patient0075_0197 0 0.6731 212 264 255 314
patient0075_0198 0 0.6483 213 260 256 315
patient0075_0213 0 0.3129 234 271 255 302
patient0075_0214 0 0.2654 235 268 254 301
patient0075_0217 0 0.4765 285 337 294 359
patient0075_0276 0 0.2891 154 265 176 294
patient0076_0075 0 0.3624 241 269 253 282
patient0076_0209 0 0.4902 187 276 203 299
patient0076_0210 0 0.7045 187 276 204 301
patient0076_0211 0 0.7253 187 274 204 302
patient0076_0212 0 0.8101 185 271 204 304
patient0076_0213 0 0.8252 184 270 205 304
patient0076_0214 0 0.8151 185 270 206 304
patient0076_0215 0 0.7830 184 270 207 305
patient0076_0216 0 0.8056 184 270 207 305
patient0076_0217 0 0.7806 183 268 208 306
patient0076_0218 0 0.7468 181 267 209 306
patient0076_0219 0 0.5230 181 267 209 307
patient0076_0220 0 0.4688 181 266 209 307
patient0076_0221 0 0.4662 180 267 207 307
patient0076_0222 0 0.5355 177 256 209 307
patient0076_0223 0 0.6532 177 254 223 308
patient0076_0224 0 0.7504 177 255 225 308
patient0076_0225 0 0.8318 176 259 226 308
patient0076_0226 0 0.8729 176 259 228 308
patient0076_0227 0 0.8942 175 258 228 309
patient0076_0228 0 0.8932 175 258 228 308
patient0076_0229 0 0.8981 175 258 229 308
patient0076_0230 0 0.8800 175 259 229 308
patient0076_0231 0 0.8502 175 258 230 308
patient0076_0232 0 0.7704 172 256 229 309
patient0076_0233 0 0.7326 171 256 229 309
patient0076_0234 0 0.7591 171 255 229 309
patient0076_0235 0 0.7580 171 253 229 309
patient0076_0236 0 0.7421 171 253 229 308
patient0076_0238 0 0.5248 193 261 230 309
patient0076_0239 0 0.5147 196 262 229 309
patient0076_0240 0 0.6001 196 261 229 309
patient0076_0241 0 0.6616 199 261 230 308
patient0076_0242 0 0.6867 200 261 230 308
patient0076_0243 0 0.6358 200 261 230 308
patient0076_0244 0 0.5962 199 261 234 308
patient0076_0245 0 0.7168 199 261 236 309
patient0076_0246 0 0.7884 199 263 236 309
patient0076_0247 0 0.7703 198 263 236 309
patient0076_0248 0 0.5955 198 259 237 308
patient0076_0249 0 0.5547 197 258 235 308
patient0076_0250 0 0.5749 196 259 235 308
patient0076_0251 0 0.5556 195 259 235 309
patient0076_0252 0 0.5162 195 259 236 309
patient0076_0253 0 0.3943 195 260 236 308
patient0076_0253 0 0.3924 221 260 235 279
patient0076_0254 0 0.6227 221 260 234 279
patient0076_0255 0 0.6907 221 261 235 280
patient0076_0256 0 0.5922 220 261 235 280
patient0076_0257 0 0.5361 219 261 235 280
patient0076_0258 0 0.5970 218 262 234 279
patient0076_0259 0 0.6050 221 262 234 277
patient0076_0260 0 0.5874 217 261 233 276
patient0076_0261 0 0.5800 214 261 232 275
patient0076_0262 0 0.6128 213 261 231 275
patient0076_0263 0 0.6503 216 260 231 273
patient0076_0264 0 0.6514 218 259 231 273
patient0076_0265 0 0.6145 218 259 229 272
patient0076_0266 0 0.6631 217 260 229 272
patient0076_0267 0 0.7112 216 260 228 272
patient0076_0268 0 0.7037 216 260 228 272
patient0076_0269 0 0.6732 216 260 227 271
patient0076_0270 0 0.6629 215 260 226 271
patient0076_0271 0 0.6937 215 259 225 271
patient0076_0272 0 0.6604 215 258 225 271
patient0076_0273 0 0.5558 214 259 224 272
patient0076_0274 0 0.4284 214 259 223 271
patient0077_0165 0 0.3272 206 230 232 269
patient0077_0166 0 0.4580 203 211 249 272
patient0077_0167 0 0.8204 202 210 252 273
patient0077_0168 0 0.8700 201 209 253 274
patient0077_0169 0 0.8618 200 209 254 275
patient0077_0170 0 0.8410 198 209 256 275
patient0077_0171 0 0.7541 196 208 259 276
patient0077_0172 0 0.8419 195 207 261 277
patient0077_0173 0 0.8168 194 207 262 278
patient0077_0174 0 0.8392 193 207 262 276
patient0077_0175 0 0.8021 194 206 263 277
patient0077_0176 0 0.8408 193 205 263 277
patient0077_0177 0 0.7951 191 206 264 278
patient0077_0178 0 0.8395 190 206 263 277
patient0077_0179 0 0.7276 190 206 264 278
patient0077_0181 0 0.4858 192 206 265 278
patient0077_0182 0 0.5848 190 206 264 278
patient0077_0183 0 0.5933 216 206 264 277
patient0077_0184 0 0.6013 219 204 264 277
patient0077_0185 0 0.6955 226 204 266 278
patient0077_0186 0 0.6716 228 204 266 277
patient0077_0187 0 0.5646 231 205 277 276
patient0077_0189 0 0.7697 231 204 278 276
patient0077_0190 0 0.7256 231 204 279 271
patient0077_0191 0 0.6498 228 202 280 272
patient0077_0192 0 0.7267 217 201 276 275
patient0077_0193 0 0.8075 222 202 275 276
patient0077_0194 0 0.4236 225 201 274 277
patient0077_0194 0 0.3711 250 202 271 224
patient0077_0195 0 0.6080 224 200 272 276
patient0077_0196 0 0.2834 224 200 274 272
patient0077_0197 0 0.5146 248 199 268 224
patient0077_0198 0 0.2890 250 199 269 220
patient0077_0199 0 0.3836 249 199 267 221
patient0077_0200 0 0.4130 246 200 261 217
patient0077_0200 0 0.2586 241 201 261 218
patient0077_0203 0 0.4595 247 201 258 214
patient0077_0204 0 0.4574 246 201 257 214
patient0077_0205 0 0.5451 241 201 255 213
patient0077_0205 0 0.3170 239 202 255 216
patient0077_0206 0 0.4193 242 203 253 213
patient0077_0207 0 0.5207 234 204 251 214
patient0077_0207 0 0.3526 234 204 251 221
patient0078_0174 0 0.3828 187 260 207 293
patient0078_0175 0 0.5651 186 259 206 295
patient0078_0176 0 0.2807 185 254 207 296
patient0078_0185 0 0.2944 183 250 217 307
patient0078_0187 0 0.3847 181 249 213 309
patient0078_0188 0 0.4766 181 249 215 309
patient0078_0191 0 0.6734 176 247 230 312
patient0078_0192 0 0.4324 174 244 231 312
patient0078_0193 0 0.6686 174 241 233 312
patient0078_0194 0 0.7516 174 242 235 313
patient0078_0195 0 0.7646 172 242 236 313
patient0078_0196 0 0.8015 172 240 237 314
patient0078_0197 0 0.8416 170 241 237 314
patient0078_0198 0 0.8496 170 240 237 315
patient0078_0199 0 0.8414 169 243 238 314
patient0078_0200 0 0.8397 169 243 239 314
patient0078_0201 0 0.8524 168 242 238 315
patient0078_0202 0 0.8382 168 245 239 315
patient0078_0203 0 0.8072 166 248 240 314
patient0078_0204 0 0.6913 171 250 240 314
patient0078_0205 0 0.7881 191 258 241 314
patient0078_0206 0 0.8103 189 256 241 313
patient0078_0207 0 0.8282 186 257 241 315
patient0078_0208 0 0.8497 187 259 241 315
patient0078_0209 0 0.8278 186 259 242 316
patient0078_0210 0 0.7486 183 256 242 316
patient0078_0211 0 0.7584 183 260 244 316
patient0079_0160 0 0.2712 204 249 235 297
patient0079_0165 0 0.4538 200 245 248 301
patient0079_0166 0 0.3204 199 244 239 301
patient0079_0169 0 0.3217 196 241 245 301
patient0079_0170 0 0.8202 196 241 247 302
patient0079_0171 0 0.8188 196 241 247 302
patient0079_0172 0 0.8303 194 241 249 303
patient0079_0173 0 0.8184 193 242 249 303
patient0079_0174 0 0.8486 190 241 249 303
patient0079_0175 0 0.8499 191 241 250 303
patient0079_0176 0 0.8649 189 240 250 303
patient0079_0177 0 0.8190 187 241 251 303
patient0079_0177 0 0.2851 218 244 250 300
patient0079_0178 0 0.7628 185 240 253 303
patient0079_0178 0 0.3490 227 246 254 298
patient0079_0179 0 0.4881 184 242 255 303
patient0079_0180 0 0.7066 216 248 255 302
patient0079_0181 0 0.7657 212 249 256 303
patient0079_0182 0 0.7905 211 248 257 304
patient0079_0183 0 0.8248 210 248 255 307
patient0079_0184 0 0.7965 208 249 256 308
patient0079_0185 0 0.7227 239 251 260 290
patient0079_0186 0 0.5330 238 250 262 289
patient0079_0187 0 0.6089 238 251 263 286
patient0079_0187 0 0.2791 227 250 262 286
patient0079_0188 0 0.6357 235 251 263 284
patient0079_0189 0 0.5926 232 250 263 284
patient0079_0190 0 0.6029 239 250 262 283
patient0079_0190 0 0.2536 231 250 262 284
patient0079_0191 0 0.5290 234 250 261 279
patient0079_0192 0 0.4613 231 250 259 275
patient0079_0193 0 0.5178 231 251 258 274
patient0079_0194 0 0.5230 229 250 259 276
patient0079_0195 0 0.4017 229 250 259 274
patient0079_0196 0 0.4099 230 249 259 274
patient0079_0197 0 0.3625 231 250 259 270
patient0079_0199 0 0.2921 233 249 256 269
patient0079_0199 0 0.2775 238 250 255 267
patient0079_0200 0 0.5825 231 249 255 269
patient0079_0200 0 0.3553 244 246 255 268
patient0079_0201 0 0.7424 229 249 254 267
patient0079_0202 0 0.5288 232 249 253 267
patient0079_0203 0 0.3844 242 245 253 265
patient0079_0204 0 0.4966 242 245 253 263
patient0079_0205 0 0.4462 241 247 252 263
patient0079_0206 0 0.4047 238 249 251 264
patient0079_0207 0 0.4244 233 251 248 264
patient0079_0208 0 0.5643 233 252 247 264
patient0079_0209 0 0.4263 235 255 245 263
patient0079_0210 0 0.2846 237 255 245 263
patient0080_0178 0 0.5154 189 323 220 356
patient0080_0180 0 0.6506 186 296 224 358
patient0080_0181 0 0.5485 186 297 226 359
patient0080_0182 0 0.8065 184 295 231 359
patient0080_0183 0 0.7581 184 295 237 359
patient0080_0184 0 0.7960 182 302 235 358
patient0080_0185 0 0.8104 181 301 237 361
patient0080_0186 0 0.7044 181 303 237 361
patient0080_0187 0 0.7831 178 300 237 365
patient0080_0188 0 0.8116 180 297 238 366
patient0080_0189 0 0.8033 177 292 239 359
patient0080_0190 0 0.8127 176 294 238 362
patient0080_0191 0 0.7348 177 297 238 364
patient0080_0192 0 0.5430 177 293 240 361
patient0080_0193 0 0.5028 193 294 240 363
patient0080_0194 0 0.5383 203 296 241 365
patient0080_0196 0 0.3908 206 296 244 361
patient0080_0197 0 0.4266 206 294 244 364
patient0080_0197 0 0.2675 221 294 242 347
patient0080_0198 0 0.4484 219 294 242 349
patient0080_0198 0 0.3601 200 294 243 361
patient0080_0198 0 0.3162 220 293 241 326
patient0080_0199 0 0.6559 203 297 243 363
patient0080_0200 0 0.6439 209 295 243 361
patient0080_0200 0 0.2887 224 295 241 322
patient0080_0202 0 0.3206 218 297 241 321
patient0080_0202 0 0.2812 231 297 249 328
patient0080_0202 0 0.2561 223 297 243 323
patient0080_0203 0 0.4121 222 297 249 326
patient0080_0203 0 0.2799 220 297 244 322
patient0080_0204 0 0.3181 230 297 249 325
patient0080_0205 0 0.3258 225 296 249 321
patient0080_0205 0 0.2771 223 296 241 318
patient0080_0205 0 0.2589 229 296 250 327
patient0080_0206 0 0.3152 230 297 250 322
patient0080_0207 0 0.4965 228 297 245 315
patient0080_0208 0 0.5715 227 298 247 316
patient0080_0209 0 0.3857 220 298 245 315
patient0080_0209 0 0.3505 226 299 246 316
patient0080_0210 0 0.5123 224 299 243 315
patient0080_0211 0 0.5545 226 298 243 314
patient0080_0211 0 0.3172 222 299 242 315
patient0080_0212 0 0.4124 223 299 243 315
patient0081_0200 0 0.6308 218 275 231 306
patient0081_0201 0 0.6436 218 276 232 308
patient0081_0203 0 0.6976 217 271 236 311
patient0081_0204 0 0.6628 217 270 236 312
patient0081_0205 0 0.7347 217 268 237 313
patient0081_0206 0 0.7310 217 267 238 313
patient0081_0207 0 0.5868 217 266 237 314
patient0081_0208 0 0.3868 214 266 238 314
patient0081_0208 0 0.3320 216 252 263 315
patient0081_0209 0 0.8447 214 253 265 316
patient0081_0210 0 0.8484 213 252 267 316
patient0081_0211 0 0.8490 213 252 268 316
patient0081_0212 0 0.8329 213 253 267 317
patient0081_0213 0 0.8152 214 253 269 317
patient0081_0214 0 0.8233 213 253 269 317
patient0081_0215 0 0.8013 210 253 270 318
patient0081_0216 0 0.8029 211 255 272 318
patient0081_0217 0 0.8110 206 255 273 318
patient0081_0218 0 0.8308 208 254 273 318
patient0081_0219 0 0.8348 210 255 273 318
patient0081_0220 0 0.8423 208 256 273 320
patient0081_0221 0 0.8525 208 256 275 320
patient0081_0222 0 0.8235 209 259 276 319
patient0081_0223 0 0.8336 208 257 276 319
patient0081_0224 0 0.8502 207 257 276 320
patient0081_0225 0 0.7799 204 255 275 320
patient0081_0226 0 0.7923 204 254 276 319
patient0081_0229 0 0.5461 227 262 276 317
patient0081_0231 0 0.7968 227 264 275 320
patient0081_0243 0 0.3605 256 263 275 281
patient0081_0252 0 0.3328 260 259 269 274
patient0081_0256 0 0.2628 254 261 263 274
patient0081_0257 0 0.6208 253 259 263 274
patient0081_0327 0 0.3562 345 330 357 348
patient0081_0330 0 0.2899 498 133 511 147
patient0082_0075 0 0.2508 482 478 512 512
patient0082_0076 0 0.3519 487 480 512 512
patient0082_0192 0 0.2694 191 312 208 334
patient0082_0201 0 0.3063 183 287 227 340
patient0082_0202 0 0.6987 182 288 230 341
patient0082_0203 0 0.7592 180 288 229 341
patient0082_0204 0 0.7430 180 286 229 340
patient0082_0205 0 0.7664 179 285 230 342
patient0082_0206 0 0.8745 178 286 231 343
patient0082_0207 0 0.8141 176 284 231 344
patient0082_0208 0 0.8073 176 286 235 343
patient0082_0209 0 0.8388 177 287 235 343
patient0082_0210 0 0.8078 175 283 233 342
patient0082_0211 0 0.7356 174 280 233 342
patient0082_0212 0 0.4726 173 282 237 343
patient0082_0214 0 0.7243 173 283 235 344
patient0082_0215 0 0.8044 173 285 236 344
patient0082_0216 0 0.7914 172 283 236 344
patient0082_0217 0 0.8133 171 285 237 344
patient0082_0218 0 0.7693 171 284 238 345
patient0082_0219 0 0.7482 171 282 236 345
patient0082_0220 0 0.5906 169 283 235 345
patient0082_0221 0 0.3763 171 283 235 345
patient0082_0221 0 0.2792 192 285 236 346
patient0082_0222 0 0.3721 200 284 235 346
patient0082_0223 0 0.4761 201 284 235 346
patient0082_0224 0 0.4350 200 285 235 346
patient0082_0225 0 0.5099 200 285 235 346
patient0082_0226 0 0.4057 206 279 236 346
patient0082_0231 0 0.3082 205 282 235 346
patient0082_0232 0 0.6135 204 282 236 345
patient0082_0233 0 0.5288 205 280 238 346
patient0082_0235 0 0.3538 205 281 239 345
patient0082_0236 0 0.7017 205 281 240 345
patient0082_0237 0 0.6857 203 280 242 344
patient0082_0238 0 0.3089 203 281 242 344
patient0082_0239 0 0.3085 205 281 240 344
patient0082_0241 0 0.5308 203 281 240 344
patient0082_0242 0 0.3736 202 280 239 343
patient0082_0243 0 0.3055 220 281 239 307
patient0082_0244 0 0.3092 221 281 238 305
patient0082_0245 0 0.5616 221 281 237 302
patient0082_0246 0 0.6046 222 281 235 298
patient0082_0247 0 0.5181 222 281 235 297
patient0082_0248 0 0.3383 220 282 235 297
patient0082_0249 0 0.4601 221 283 236 297
patient0083_0246 0 0.2903 208 271 225 301
patient0083_0247 0 0.6894 207 270 226 302
patient0083_0248 0 0.6800 206 269 228 302
patient0083_0249 0 0.6917 205 267 227 303
patient0083_0250 0 0.6872 203 267 228 303
patient0083_0251 0 0.6626 202 267 227 304
patient0083_0252 0 0.6203 202 267 227 305
patient0083_0253 0 0.4896 202 258 229 305
patient0083_0254 0 0.7381 202 254 234 305
patient0083_0255 0 0.7243 202 254 237 306
patient0083_0256 0 0.6637 199 251 240 306
patient0083_0257 0 0.7311 199 252 243 306
patient0083_0258 0 0.8186 199 252 243 306
patient0083_0259 0 0.8032 198 254 245 306
patient0083_0260 0 0.7783 198 252 248 306
patient0083_0261 0 0.8718 197 250 248 307
patient0083_0262 0 0.8845 197 249 248 308
patient0083_0263 0 0.8661 196 250 249 308
patient0083_0264 0 0.8332 196 250 249 308
patient0083_0265 0 0.8308 196 251 250 308
patient0083_0266 0 0.8346 195 250 249 308
patient0083_0267 0 0.7813 194 249 248 309
patient0083_0268 0 0.8219 194 249 249 309
patient0083_0269 0 0.8149 194 250 250 309
patient0083_0270 0 0.7950 195 250 251 309
patient0083_0271 0 0.8446 194 250 250 310
patient0083_0272 0 0.6710 194 250 250 309
patient0083_0273 0 0.3021 195 250 254 310
patient0083_0274 0 0.6427 194 250 253 313
patient0083_0275 0 0.6578 194 250 253 313
patient0083_0276 0 0.4655 194 250 251 312
patient0083_0278 0 0.4631 214 252 254 311
patient0083_0280 0 0.6189 213 249 253 313
patient0083_0281 0 0.5853 213 249 253 314
patient0083_0282 0 0.3489 212 245 251 314
patient0083_0287 0 0.2535 233 258 254 282
patient0083_0288 0 0.3252 234 257 257 283
patient0083_0304 0 0.3578 237 255 251 269
patient0083_0306 0 0.3440 236 257 250 268
patient0083_0307 0 0.3750 237 256 247 266
patient0083_0308 0 0.3949 238 257 247 266
patient0083_0309 0 0.2813 238 257 247 266
patient0084_0095 0 0.4006 270 132 290 171
patient0084_0144 0 0.6447 176 222 198 254
patient0084_0145 0 0.5193 175 222 199 255
patient0084_0146 0 0.5392 175 220 201 257
patient0084_0147 0 0.6799 175 220 202 258
patient0084_0148 0 0.5142 174 219 202 259
patient0084_0149 0 0.6934 174 217 202 259
patient0084_0150 0 0.8433 174 217 202 259
patient0084_0151 0 0.8385 175 217 202 260
patient0084_0152 0 0.8172 173 216 203 261
patient0084_0153 0 0.7870 173 215 203 261
patient0084_0154 0 0.7633 172 213 204 262
patient0084_0155 0 0.4833 171 213 204 263
patient0084_0156 0 0.2859 170 211 204 263
patient0084_0158 0 0.3061 169 205 214 264
patient0084_0159 0 0.8080 165 205 216 264
patient0084_0160 0 0.8549 165 207 217 264
patient0084_0161 0 0.8546 164 208 218 264
patient0084_0162 0 0.8486 163 208 218 264
patient0084_0163 0 0.6795 162 207 221 264
patient0084_0164 0 0.7767 162 209 222 264
patient0084_0165 0 0.7902 162 209 223 264
patient0084_0166 0 0.7481 161 209 223 264
patient0084_0167 0 0.7969 161 210 223 264
patient0084_0168 0 0.7543 159 210 224 265
patient0084_0169 0 0.3634 160 210 224 265
patient0084_0171 0 0.3928 188 211 227 265
patient0084_0172 0 0.5631 189 211 232 266
patient0084_0175 0 0.5558 187 211 233 267
patient0084_0192 0 0.4657 209 208 223 226
patient0084_0193 0 0.3312 210 209 222 226
patient0084_0203 0 0.3566 202 214 213 225
patient0084_0204 0 0.2713 201 214 212 226
patient0085_0210 0 0.3435 188 272 209 302
patient0085_0211 0 0.4329 187 270 208 303
patient0085_0218 0 0.7393 192 283 208 304
patient0085_0219 0 0.7662 192 282 208 304
patient0085_0220 0 0.7858 192 281 208 306
patient0085_0221 0 0.7925 190 279 209 306
patient0085_0222 0 0.7907 189 277 209 306
patient0085_0223 0 0.8113 189 276 210 306
patient0085_0224 0 0.6791 188 258 230 308
patient0085_0224 0 0.6103 189 275 211 307
patient0085_0224 0 0.4529 188 273 219 307
patient0085_0225 0 0.8537 188 259 232 308
patient0085_0226 0 0.8328 187 258 233 308
patient0085_0227 0 0.8393 186 257 234 308
patient0085_0228 0 0.8718 186 261 234 308
patient0085_0229 0 0.8780 185 260 235 308
patient0085_0230 0 0.8667 184 258 236 308
patient0085_0231 0 0.8720 183 258 237 309
patient0085_0232 0 0.8563 182 258 237 309
patient0085_0233 0 0.8521 182 257 237 309
patient0085_0234 0 0.8584 181 258 237 309
patient0085_0235 0 0.8673 181 258 237 309
patient0085_0236 0 0.8579 180 257 237 310
patient0085_0237 0 0.8551 180 259 238 312
patient0085_0238 0 0.8567 179 258 238 311
patient0085_0239 0 0.8655 178 258 238 310
patient0085_0240 0 0.8590 178 258 238 311
patient0085_0241 0 0.8646 176 256 238 310
patient0085_0242 0 0.8574 176 257 238 310
patient0085_0243 0 0.8570 176 257 238 311
patient0085_0244 0 0.8507 176 258 238 313
patient0085_0245 0 0.8638 175 258 238 315
patient0085_0246 0 0.8732 175 258 238 316
patient0085_0247 0 0.8496 174 259 238 314
patient0085_0248 0 0.7144 198 259 238 311
patient0085_0248 0 0.6517 174 258 238 312
patient0085_0249 0 0.7920 197 259 238 311
patient0085_0250 0 0.7803 199 259 238 311
patient0085_0251 0 0.6569 194 260 238 315
patient0085_0252 0 0.7531 204 260 237 312
patient0085_0252 0 0.3159 193 260 237 318
patient0085_0253 0 0.8045 208 259 237 312
patient0085_0254 0 0.8114 207 259 237 312
patient0085_0255 0 0.7072 208 259 238 313
patient0085_0256 0 0.7368 207 257 238 315
patient0085_0257 0 0.6129 209 258 240 313
patient0085_0258 0 0.7033 210 257 242 312
patient0085_0259 0 0.7082 210 257 246 312
patient0085_0259 0 0.2853 221 257 247 311
patient0085_0260 0 0.8007 210 256 248 313
patient0085_0261 0 0.8139 210 257 247 314
patient0085_0262 0 0.8234 211 258 245 314
patient0085_0263 0 0.8092 211 259 245 313
patient0085_0264 0 0.7682 211 253 244 313
patient0085_0265 0 0.7484 210 254 243 312
patient0085_0265 0 0.3506 226 255 243 277
patient0085_0266 0 0.7860 209 255 243 313
patient0085_0266 0 0.2673 224 255 242 277
patient0085_0267 0 0.7807 201 254 243 315
patient0085_0267 0 0.2693 223 254 242 274
patient0085_0268 0 0.7876 204 255 243 315
patient0085_0269 0 0.7745 208 255 242 313
patient0085_0270 0 0.8118 209 255 242 313
patient0085_0271 0 0.8598 208 255 242 314
patient0085_0272 0 0.8014 207 255 242 313
patient0085_0273 0 0.8666 206 256 241 313
patient0085_0274 0 0.7228 204 256 241 314
patient0085_0275 0 0.7477 205 256 240 314
patient0085_0276 0 0.4954 223 255 239 270
patient0085_0276 0 0.3103 203 255 238 314
patient0085_0277 0 0.4468 223 255 239 269
patient0085_0277 0 0.3453 203 255 238 314
patient0085_0278 0 0.4638 226 254 238 269
patient0085_0278 0 0.4100 203 254 238 313
patient0085_0279 0 0.7000 202 253 237 313
patient0085_0279 0 0.3064 224 254 237 269
patient0085_0280 0 0.4978 225 254 236 265
patient0085_0281 0 0.4523 226 253 235 265
patient0085_0282 0 0.4523 226 253 235 265
patient0085_0283 0 0.4751 225 255 233 265
patient0085_0284 0 0.4536 225 255 233 265
patient0085_0285 0 0.5423 225 255 233 265
patient0085_0286 0 0.6071 223 255 232 264
patient0085_0287 0 0.5385 223 255 231 264
patient0085_0288 0 0.5504 223 255 231 264
patient0085_0289 0 0.5040 223 255 231 264
patient0085_0290 0 0.3093 223 254 231 264
patient0086_0010 0 0.3258 256 163 303 219
patient0086_0116 0 0.2666 185 85 202 103
patient0086_0159 0 0.2836 215 305 244 327
patient0086_0180 0 0.3865 218 261 234 278
patient0086_0182 0 0.5035 222 263 251 308
patient0086_0183 0 0.6621 220 264 249 308
patient0086_0184 0 0.7780 223 265 249 308
patient0086_0185 0 0.5784 222 262 251 309
patient0086_0186 0 0.6234 220 261 253 308
patient0086_0187 0 0.5483 221 261 254 311
patient0086_0189 0 0.5764 218 260 255 314
patient0086_0190 0 0.5001 217 260 265 311
patient0086_0191 0 0.5929 218 257 261 311
patient0086_0192 0 0.7186 217 256 257 313
patient0086_0193 0 0.7176 217 253 265 315
patient0086_0194 0 0.6772 214 251 267 316
patient0086_0195 0 0.3017 280 330 298 350
patient0086_0196 0 0.3933 213 249 272 315
patient0086_0197 0 0.7331 213 246 274 315
patient0086_0198 0 0.8310 213 251 276 317
patient0086_0199 0 0.8296 212 251 277 316
patient0086_0200 0 0.8339 211 252 280 317
patient0086_0201 0 0.7789 210 253 280 317
patient0086_0202 0 0.8048 209 253 279 317
patient0086_0203 0 0.8224 208 252 279 317
patient0086_0204 0 0.6449 208 253 281 317
patient0086_0205 0 0.3817 208 253 283 316
patient0086_0205 0 0.2603 259 261 283 307
patient0086_0206 0 0.2764 261 261 282 309
patient0086_0208 0 0.4035 242 262 289 316
patient0086_0209 0 0.6144 237 263 291 317
patient0086_0210 0 0.7654 234 263 282 319
patient0086_0211 0 0.7724 234 262 289 320
patient0086_0212 0 0.6597 238 262 290 319
patient0086_0218 0 0.3783 257 262 287 288
patient0086_0220 0 0.2592 259 262 287 289
patient0086_0221 0 0.3361 258 260 286 288
patient0086_0223 0 0.2977 259 259 287 282
patient0086_0224 0 0.3788 265 261 287 285
patient0086_0224 0 0.2920 255 260 287 286
patient0086_0225 0 0.3581 272 261 287 283
patient0086_0225 0 0.2940 254 260 287 287
patient0086_0226 0 0.2958 265 260 287 280
patient0086_0227 0 0.4370 266 261 285 280
patient0086_0228 0 0.5763 266 261 284 280
patient0086_0228 0 0.4966 258 259 284 280
patient0086_0229 0 0.4416 267 261 283 279
patient0086_0229 0 0.3027 260 260 282 279
patient0086_0230 0 0.3361 270 260 280 278
patient0086_0231 0 0.2815 273 261 280 278
patient0086_0232 0 0.2799 258 263 279 277
patient0086_0233 0 0.2594 259 262 276 276
patient0086_0234 0 0.3583 261 262 275 272
patient0086_0238 0 0.3611 261 263 271 272
patient0086_0239 0 0.5162 258 262 270 273
patient0087_0168 0 0.7384 172 192 225 260
patient0087_0169 0 0.8094 171 192 225 259
patient0087_0170 0 0.7979 171 191 227 262
patient0087_0171 0 0.7820 169 190 228 260
patient0087_0172 0 0.8079 167 192 228 261
patient0087_0173 0 0.6741 161 194 229 261
patient0087_0174 0 0.7672 162 191 230 259
patient0087_0175 0 0.7840 163 191 230 262
patient0087_0176 0 0.7223 162 192 231 261
patient0087_0177 0 0.3521 164 193 230 261
patient0087_0178 0 0.6804 162 190 230 261
patient0087_0179 0 0.4871 160 188 231 261
patient0087_0180 0 0.6589 161 187 232 259
patient0087_0181 0 0.7684 161 191 231 259
patient0087_0182 0 0.5020 160 194 232 260
patient0087_0183 0 0.4606 159 192 231 260
patient0087_0184 0 0.2783 160 192 231 259
patient0087_0185 0 0.2518 202 194 230 223
patient0087_0186 0 0.3887 217 192 231 223
patient0087_0191 0 0.5833 215 192 233 219
patient0087_0192 0 0.4276 199 191 243 258
patient0087_0192 0 0.3790 220 191 233 218
patient0087_0193 0 0.4103 219 186 233 217
patient0087_0194 0 0.3298 214 193 231 216
patient0087_0199 0 0.3462 219 194 234 213
patient0087_0199 0 0.3113 224 190 235 213
patient0087_0200 0 0.2512 225 190 233 213
patient0087_0207 0 0.3335 222 195 230 209
patient0087_0210 0 0.3022 218 198 226 208
patient0087_0211 0 0.4515 217 198 225 207
patient0087_0212 0 0.4221 216 197 225 208
patient0087_0213 0 0.4637 216 198 225 208
patient0088_0012 0 0.2520 350 391 369 410
patient0088_0103 0 0.4385 189 291 200 306
patient0088_0107 0 0.2848 104 226 131 281
patient0088_0165 0 0.6129 182 285 211 327
patient0088_0166 0 0.3888 182 284 210 326
patient0088_0168 0 0.3977 181 281 214 327
patient0088_0173 0 0.6493 177 265 236 331
patient0088_0174 0 0.8251 177 268 238 330
patient0088_0175 0 0.7714 176 269 241 332
patient0088_0176 0 0.7558 174 268 242 333
patient0088_0177 0 0.5617 172 269 244 331
patient0088_0178 0 0.6953 172 268 245 332
patient0088_0179 0 0.8056 170 269 244 333
patient0088_0180 0 0.7680 170 269 246 335
patient0088_0181 0 0.6197 170 268 245 334
patient0088_0182 0 0.7684 170 268 244 335
patient0088_0183 0 0.7134 168 263 244 334
patient0088_0184 0 0.7304 167 269 244 334
patient0088_0187 0 0.4188 202 273 247 335
patient0088_0188 0 0.4324 202 274 246 334
patient0088_0188 0 0.3774 212 274 245 301
patient0088_0189 0 0.4035 203 274 247 333
patient0088_0190 0 0.5346 203 275 246 333
patient0088_0190 0 0.2542 217 276 247 326
patient0088_0191 0 0.7303 198 274 246 334
patient0088_0192 0 0.4877 200 274 247 334
patient0088_0192 0 0.4118 220 274 244 299
patient0088_0193 0 0.5499 199 274 249 334
patient0088_0193 0 0.4691 230 274 243 295
patient0088_0194 0 0.4350 204 274 250 333
patient0088_0195 0 0.6370 196 272 247 334
patient0088_0196 0 0.4195 196 273 246 334
patient0088_0201 0 0.2996 229 268 248 291
patient0088_0202 0 0.3584 231 265 247 291
patient0088_0203 0 0.3802 231 266 246 287
patient0088_0204 0 0.5653 231 266 242 283
patient0088_0205 0 0.5044 226 268 243 285
patient0088_0206 0 0.5648 226 267 243 288
patient0088_0207 0 0.4951 229 267 240 284
patient0088_0208 0 0.3847 229 265 241 284
patient0088_0209 0 0.3674 227 264 241 280
patient0088_0211 0 0.5232 226 265 240 280
patient0088_0218 0 0.3486 212 461 229 496
patient0088_0241 0 0.3584 26 422 42 455
patient0088_0242 0 0.4571 24 423 42 457
patient0089_0111 0 0.4479 67 244 95 265
patient0089_0165 0 0.4109 193 62 210 90
patient0089_0165 0 0.3712 193 61 215 89
patient0089_0189 0 0.3237 197 261 234 326
patient0089_0190 0 0.7268 195 258 238 329
patient0089_0191 0 0.5903 192 253 241 329
patient0089_0191 0 0.5232 196 255 241 306
patient0089_0192 0 0.7295 193 254 244 329
patient0089_0193 0 0.7603 190 255 247 331
patient0089_0194 0 0.7728 191 251 248 330
patient0089_0195 0 0.7850 188 250 250 331
patient0089_0196 0 0.7420 188 251 248 331
patient0089_0197 0 0.7857 185 253 249 331
patient0089_0198 0 0.7767 190 252 251 333
patient0089_0199 0 0.6901 184 245 250 332
patient0089_0200 0 0.4180 195 247 252 331
patient0089_0201 0 0.4013 195 263 255 332
patient0089_0201 0 0.3019 169 264 256 332
patient0089_0202 0 0.6824 193 266 255 331
patient0089_0203 0 0.4951 206 264 256 327
patient0089_0204 0 0.3957 206 264 258 328
patient0089_0205 0 0.6086 208 267 257 328
patient0089_0206 0 0.7480 209 267 258 328
patient0089_0207 0 0.7130 212 267 259 327
patient0089_0208 0 0.5190 211 265 259 329
patient0089_0209 0 0.7682 213 267 260 328
patient0089_0210 0 0.6192 215 267 261 328
patient0089_0211 0 0.7709 212 262 259 328
patient0089_0212 0 0.8104 212 262 258 328
patient0089_0213 0 0.8221 211 257 258 328
patient0089_0214 0 0.8000 212 265 257 329
patient0089_0215 0 0.8096 210 260 256 329
patient0089_0216 0 0.8191 210 266 255 328
patient0089_0217 0 0.7751 209 266 256 329
patient0089_0218 0 0.7564 207 266 255 329
patient0089_0219 0 0.4972 200 264 255 328
patient0089_0220 0 0.3752 197 264 258 327
patient0089_0223 0 0.4404 231 263 262 302
patient0089_0223 0 0.3676 241 263 262 302
patient0089_0227 0 0.4205 215 258 258 328
patient0089_0230 0 0.3342 222 258 257 328
patient0089_0234 0 0.3462 238 255 248 269
patient0089_0235 0 0.3322 237 255 248 268
patient0090_0127 0 0.3768 277 271 302 295
patient0090_0173 0 0.3557 212 200 244 245
patient0090_0174 0 0.2683 213 188 259 246
patient0090_0178 0 0.6774 208 185 272 252
patient0090_0179 0 0.8297 205 183 271 253
patient0090_0180 0 0.8678 208 182 271 253
patient0090_0181 0 0.8331 208 183 272 253
patient0090_0182 0 0.8296 207 183 274 254
patient0090_0183 0 0.8385 207 184 275 253
patient0090_0184 0 0.8819 208 184 275 255
patient0090_0185 0 0.8894 208 184 275 254
patient0090_0186 0 0.8857 205 185 275 253
patient0090_0187 0 0.8844 203 184 275 254
patient0090_0188 0 0.8603 202 184 276 255
patient0090_0189 0 0.8506 204 183 276 255
patient0090_0190 0 0.8388 203 184 277 256
patient0090_0191 0 0.8558 201 182 277 255
patient0090_0192 0 0.8726 201 183 278 255
patient0090_0193 0 0.8747 201 183 278 255
patient0090_0194 0 0.8405 202 183 278 255
patient0090_0195 0 0.5976 200 184 283 254
patient0090_0196 0 0.2611 200 184 288 254
patient0090_0198 0 0.4588 240 185 291 254
patient0090_0199 0 0.6003 239 185 296 254
patient0090_0200 0 0.5713 238 185 298 254
patient0090_0201 0 0.3632 237 185 295 254
patient0090_0208 0 0.3653 263 183 288 212
patient0090_0210 0 0.3983 267 183 286 208
patient0090_0211 0 0.2882 265 183 285 204
patient0090_0213 0 0.3588 262 183 280 200
patient0090_0214 0 0.3567 262 182 279 201
patient0090_0215 0 0.3984 265 182 279 199
patient0090_0218 0 0.3776 265 182 278 198
patient0091_0196 0 0.6110 227 259 249 281
patient0091_0197 0 0.2763 226 242 250 282
patient0091_0197 0 0.2683 225 256 249 282
patient0091_0198 0 0.5515 224 240 250 283
patient0091_0198 0 0.3551 224 256 251 282
patient0091_0199 0 0.5508 223 241 252 284
patient0091_0199 0 0.4511 223 254 253 283
patient0091_0200 0 0.5793 221 248 254 285
patient0091_0201 0 0.5237 220 251 253 286
patient0091_0202 0 0.4460 220 251 253 285
patient0091_0203 0 0.3723 220 246 255 286
patient0091_0204 0 0.3768 217 249 257 287
patient0091_0205 0 0.3989 216 249 258 287
patient0091_0208 0 0.5134 212 234 251 286
patient0091_0209 0 0.4404 209 234 252 285
patient0091_0210 0 0.5698 209 235 253 288
patient0091_0211 0 0.4102 208 239 259 291
patient0091_0212 0 0.2770 209 236 263 288
patient0091_0213 0 0.5395 209 235 265 287
patient0091_0214 0 0.7772 208 239 265 290
patient0091_0215 0 0.5224 206 238 264 291
patient0091_0223 0 0.3490 235 239 267 290
patient0091_0226 0 0.2728 240 231 267 286
patient0091_0227 0 0.4965 229 231 268 294
patient0091_0229 0 0.2811 249 232 267 254
patient0091_0230 0 0.5099 246 236 266 260
patient0091_0231 0 0.5349 242 236 265 261
patient0091_0232 0 0.4033 237 233 265 291
patient0091_0233 0 0.2983 244 233 265 260
patient0091_0234 0 0.3436 242 233 265 262
patient0091_0235 0 0.3877 237 236 270 290
patient0091_0236 0 0.5471 235 236 271 290
patient0091_0237 0 0.5316 236 234 275 290
patient0091_0237 0 0.2728 248 234 263 252
patient0091_0238 0 0.4488 235 233 271 291
patient0091_0239 0 0.4584 250 233 272 266
patient0091_0239 0 0.3949 236 234 272 291
patient0091_0240 0 0.3903 249 233 272 264
patient0091_0241 0 0.4552 250 233 269 258
patient0091_0242 0 0.5651 249 234 268 256
patient0091_0243 0 0.4840 250 234 267 254
patient0091_0244 0 0.6571 252 233 266 253
patient0091_0245 0 0.6568 251 234 266 251
patient0091_0246 0 0.6991 250 234 266 251
patient0091_0247 0 0.6654 249 234 266 250
patient0091_0248 0 0.5710 247 235 266 252
patient0091_0249 0 0.4531 248 235 266 252
patient0091_0250 0 0.5818 250 234 266 250
patient0091_0251 0 0.4890 249 234 264 248
patient0091_0252 0 0.3259 249 236 259 246
patient0091_0253 0 0.4013 249 236 258 244
patient0091_0254 0 0.4682 248 236 259 244
patient0091_0255 0 0.5220 248 236 258 244
patient0091_0256 0 0.4780 248 237 257 244
patient0091_0257 0 0.3435 248 237 255 243
patient0092_0212 0 0.6410 196 260 216 291
patient0092_0214 0 0.4625 195 258 217 293
patient0092_0216 0 0.4394 192 255 219 295
patient0092_0219 0 0.4579 189 238 240 296
patient0092_0220 0 0.8323 188 237 243 297
patient0092_0221 0 0.8152 187 237 245 299
patient0092_0222 0 0.7244 190 237 245 298
patient0092_0223 0 0.8113 187 238 246 299
patient0092_0224 0 0.8073 185 237 247 300
patient0092_0225 0 0.7552 183 237 247 300
patient0092_0226 0 0.3158 183 237 248 299
patient0092_0227 0 0.8114 183 238 248 301
patient0092_0228 0 0.8290 184 240 249 301
patient0092_0229 0 0.8353 183 240 249 302
patient0092_0230 0 0.8218 183 240 249 302
patient0092_0231 0 0.4725 182 240 249 301
patient0092_0235 0 0.3822 234 239 261 294
patient0092_0236 0 0.3461 206 238 262 302
patient0092_0239 0 0.3670 238 241 262 288
patient0092_0240 0 0.3129 203 241 260 302
patient0092_0240 0 0.2880 230 242 262 283
patient0092_0242 0 0.2746 229 241 258 279
patient0092_0243 0 0.4611 228 241 258 278
patient0092_0244 0 0.4556 228 241 257 276
patient0092_0245 0 0.3101 229 240 256 274
patient0092_0249 0 0.3700 229 239 251 262
patient0092_0250 0 0.4606 229 240 251 261
patient0092_0257 0 0.3737 228 246 244 258
patient0092_0258 0 0.3732 226 248 242 259
patient0092_0258 0 0.3405 230 247 242 258
patient0092_0258 0 0.2735 224 248 242 269
patient0092_0260 0 0.2978 233 248 241 258
patient0092_0261 0 0.5173 232 247 240 258
patient0092_0262 0 0.4982 231 247 239 258
patient0092_0263 0 0.3406 231 247 237 256
patient0093_0136 0 0.2960 129 224 167 265
patient0093_0159 0 0.6435 292 247 321 280
patient0093_0210 0 0.5448 209 272 229 298
patient0093_0211 0 0.7354 208 271 229 299
patient0093_0212 0 0.7255 208 271 230 300
patient0093_0213 0 0.8519 208 271 232 302
patient0093_0214 0 0.8689 207 272 233 303
patient0093_0215 0 0.8103 206 271 233 303
patient0093_0216 0 0.6749 205 270 231 303
patient0093_0217 0 0.4557 203 270 230 303
patient0093_0219 0 0.6812 201 265 239 304
patient0093_0220 0 0.4049 201 265 235 304
patient0093_0222 0 0.7452 200 251 236 305
patient0093_0223 0 0.8496 200 252 238 306
patient0093_0224 0 0.6739 198 253 241 306
patient0093_0225 0 0.6992 197 252 244 305
patient0093_0226 0 0.6298 197 251 245 305
patient0093_0227 0 0.5339 195 252 245 305
patient0093_0228 0 0.6029 194 250 245 305
patient0093_0229 0 0.7930 194 247 246 306
patient0093_0230 0 0.7459 195 246 247 306
patient0093_0231 0 0.7493 194 249 249 307
patient0093_0232 0 0.7800 193 249 248 307
patient0093_0233 0 0.8333 193 249 247 307
patient0093_0234 0 0.7933 192 250 248 307
patient0093_0235 0 0.7009 200 249 248 307
patient0093_0236 0 0.6919 209 249 248 307
patient0093_0237 0 0.5546 213 249 248 307
patient0093_0238 0 0.5533 219 249 249 307
patient0093_0239 0 0.4969 220 249 249 307
patient0093_0240 0 0.6236 221 248 249 308
patient0093_0240 0 0.3046 222 262 247 308
patient0093_0241 0 0.7948 222 249 248 308
patient0093_0242 0 0.7794 222 249 248 308
patient0093_0243 0 0.5961 219 249 249 308
patient0093_0244 0 0.6608 218 249 249 308
patient0093_0245 0 0.5182 219 249 253 307
patient0093_0246 0 0.6653 219 248 259 307
patient0093_0247 0 0.7405 218 248 259 306
patient0093_0248 0 0.4453 213 247 256 305
patient0093_0252 0 0.2826 229 250 261 290
patient0093_0253 0 0.3659 238 251 261 287
patient0093_0254 0 0.5647 238 252 261 287
patient0093_0255 0 0.6025 231 251 260 285
patient0093_0256 0 0.6465 232 250 260 285
patient0093_0257 0 0.5844 235 250 259 283
patient0093_0258 0 0.7347 234 250 258 279
patient0093_0259 0 0.6780 234 249 257 277
patient0093_0260 0 0.5141 235 250 254 274
patient0093_0261 0 0.6065 232 250 254 273
patient0093_0262 0 0.6826 231 250 253 271
patient0093_0263 0 0.6059 231 250 251 268
patient0093_0263 0 0.3507 232 251 255 272
patient0093_0264 0 0.4874 233 251 249 266
patient0093_0265 0 0.6095 233 249 249 266
patient0093_0266 0 0.4965 232 251 247 265
patient0093_0267 0 0.5416 231 252 244 264
patient0093_0268 0 0.5976 229 252 245 265
patient0093_0269 0 0.5470 229 253 244 265
patient0093_0270 0 0.3871 230 254 241 264
patient0093_0270 0 0.3363 229 253 243 265
patient0094_0167 0 0.4269 208 226 260 289
patient0094_0168 0 0.8099 207 228 261 293
patient0094_0169 0 0.8339 205 230 265 294
patient0094_0170 0 0.8120 206 223 264 294
patient0094_0171 0 0.7841 206 229 262 291
patient0094_0172 0 0.8582 207 227 264 292
patient0094_0173 0 0.8529 205 228 265 291
patient0094_0174 0 0.8195 203 228 264 290
patient0094_0175 0 0.8072 201 229 264 291
patient0094_0176 0 0.8382 201 230 263 290
patient0094_0177 0 0.8142 201 230 264 290
patient0094_0178 0 0.7849 199 231 264 290
patient0094_0179 0 0.7156 198 231 264 291
patient0094_0180 0 0.7735 215 228 264 291
patient0094_0181 0 0.7976 214 228 264 291
patient0094_0182 0 0.7854 215 228 264 291
patient0094_0183 0 0.7502 220 227 264 291
patient0094_0184 0 0.7951 221 228 263 291
patient0094_0185 0 0.8231 224 229 262 291
patient0094_0186 0 0.7842 225 228 263 292
patient0094_0187 0 0.7564 232 227 263 293
patient0094_0188 0 0.8309 233 227 262 293
patient0094_0189 0 0.7833 233 228 262 292
patient0094_0190 0 0.7743 233 227 262 294
patient0094_0191 0 0.7566 234 227 276 294
patient0094_0192 0 0.7712 233 227 272 294
patient0094_0193 0 0.8297 232 227 271 294
patient0094_0194 0 0.8101 231 226 271 295
patient0094_0195 0 0.8321 230 226 271 293
patient0094_0196 0 0.7552 228 226 269 294
patient0094_0197 0 0.8436 229 225 270 293
patient0094_0198 0 0.8090 227 224 270 294
patient0094_0199 0 0.5652 222 224 269 292
patient0094_0200 0 0.5372 245 224 267 249
patient0094_0201 0 0.5965 247 225 266 249
patient0094_0202 0 0.6901 246 225 264 244
patient0094_0203 0 0.6895 246 225 264 243
patient0094_0204 0 0.7042 246 226 263 242
patient0094_0205 0 0.4083 246 225 259 239
patient0094_0206 0 0.5340 244 227 257 238
patient0094_0207 0 0.4783 243 227 256 238
patient0095_0187 0 0.5792 212 245 230 274
patient0095_0188 0 0.6415 212 246 229 274
patient0095_0189 0 0.5600 210 233 238 274
patient0095_0190 0 0.7688 210 229 241 276
patient0095_0191 0 0.6296 208 228 244 278
patient0095_0192 0 0.6931 209 229 245 278
patient0095_0193 0 0.7655 209 227 246 278
patient0095_0194 0 0.8304 208 231 248 277
patient0095_0195 0 0.7739 208 227 250 277
patient0095_0196 0 0.8870 208 232 251 278
patient0095_0197 0 0.8964 207 232 251 276
patient0095_0198 0 0.8620 207 234 253 275
patient0095_0199 0 0.8950 205 233 252 278
patient0095_0200 0 0.8789 205 234 254 279
patient0095_0201 0 0.8676 205 235 255 278
patient0095_0202 0 0.8481 204 234 256 278
patient0095_0203 0 0.8553 204 232 256 279
patient0095_0204 0 0.8318 203 230 257 279
patient0095_0205 0 0.8586 201 231 257 280
patient0095_0206 0 0.8718 201 231 257 280
patient0095_0207 0 0.8714 201 231 256 280
patient0095_0208 0 0.8315 201 230 257 281
patient0095_0209 0 0.8301 200 229 257 281
patient0095_0210 0 0.8172 200 227 258 281
patient0095_0211 0 0.8222 200 228 259 282
patient0095_0212 0 0.7899 199 228 259 282
patient0095_0213 0 0.6554 204 228 259 282
patient0095_0214 0 0.6689 212 230 259 282
patient0095_0215 0 0.5051 214 222 260 283
patient0095_0216 0 0.5276 216 221 260 283
patient0095_0217 0 0.5396 220 224 258 282
patient0095_0218 0 0.5867 221 229 257 282
patient0095_0219 0 0.5456 223 226 257 282
patient0095_0220 0 0.3852 225 227 256 283
patient0095_0221 0 0.4819 225 230 257 283
patient0095_0222 0 0.5641 224 226 259 283
patient0095_0223 0 0.6221 225 225 260 282
patient0095_0224 0 0.7086 226 227 259 282
patient0095_0225 0 0.8116 228 230 260 281
patient0095_0226 0 0.3939 226 229 262 282
patient0095_0227 0 0.6388 225 227 265 282
patient0095_0228 0 0.6680 226 230 265 281
patient0095_0229 0 0.5842 225 228 266 281
patient0095_0230 0 0.3029 224 227 266 281
patient0095_0231 0 0.3941 220 227 264 281
patient0095_0232 0 0.6243 221 228 261 280
patient0095_0233 0 0.4589 221 228 260 279
patient0095_0238 0 0.3000 244 227 254 239
patient0095_0239 0 0.4909 244 227 254 237
patient0095_0240 0 0.4996 245 227 255 237
patient0095_0241 0 0.3974 244 227 255 236
patient0095_0243 0 0.2728 246 223 254 235
patient0096_0086 0 0.5545 350 375 372 406
patient0096_0090 0 0.5132 0 31 30 70
patient0096_0263 0 0.2583 187 242 252 301
patient0096_0265 0 0.5961 187 238 254 302
patient0096_0266 0 0.8090 187 238 254 302
patient0096_0267 0 0.7848 187 238 256 301
patient0096_0268 0 0.7425 189 236 255 299
patient0096_0269 0 0.7833 188 239 256 302
patient0096_0270 0 0.7336 189 240 255 302
patient0096_0271 0 0.7707 188 240 255 303
patient0096_0272 0 0.7561 187 238 255 302
patient0096_0273 0 0.7686 187 237 256 303
patient0096_0274 0 0.6831 187 237 256 304
patient0096_0275 0 0.5399 184 238 257 305
patient0096_0286 0 0.4892 212 244 259 302
patient0096_0291 0 0.2648 210 245 260 302
patient0096_0300 0 0.2594 244 243 256 258
patient0096_0301 0 0.2641 244 242 255 258
patient0097_0059 0 0.2742 419 340 441 374
patient0097_0085 0 0.2596 441 451 452 477
patient0097_0129 0 0.4589 234 221 255 260
patient0097_0150 0 0.5840 185 231 219 263
patient0097_0151 0 0.7400 183 231 210 263
patient0097_0152 0 0.7169 183 230 211 264
patient0097_0153 0 0.7594 186 226 215 264
patient0097_0154 0 0.3641 184 226 214 264
patient0097_0155 0 0.4332 182 216 221 265
patient0097_0156 0 0.7212 182 213 223 265
patient0097_0157 0 0.7177 181 212 225 265
patient0097_0158 0 0.7804 181 213 226 265
patient0097_0159 0 0.8233 178 213 227 265
patient0097_0160 0 0.8531 178 212 228 265
patient0097_0161 0 0.8328 182 211 228 264
patient0097_0162 0 0.7289 177 211 229 265
patient0097_0163 0 0.7445 168 211 228 266
patient0097_0164 0 0.8009 173 211 239 265
patient0097_0165 0 0.7889 174 212 233 264
patient0097_0166 0 0.7607 172 209 231 266
patient0097_0167 0 0.7487 173 211 230 265
patient0097_0168 0 0.8443 174 210 230 265
patient0097_0169 0 0.7668 171 210 232 266
patient0097_0170 0 0.7959 172 211 235 266
patient0097_0171 0 0.3465 171 212 233 267
patient0097_0173 0 0.5251 198 213 234 264
patient0097_0174 0 0.7758 205 213 235 267
patient0097_0175 0 0.7616 207 214 241 265
patient0097_0176 0 0.7321 206 214 241 264
patient0097_0177 0 0.6085 208 213 245 263
patient0097_0178 0 0.6930 204 213 243 266
patient0097_0179 0 0.8366 202 212 244 266
patient0097_0180 0 0.8623 201 212 242 266
patient0097_0181 0 0.7907 200 212 240 265
patient0097_0182 0 0.7978 198 212 239 266
patient0097_0183 0 0.7929 195 210 239 267
patient0097_0184 0 0.8201 195 211 240 267
patient0097_0185 0 0.7955 194 211 239 267
patient0097_0186 0 0.7507 194 210 237 267
patient0097_0187 0 0.5088 194 212 235 266
patient0097_0188 0 0.3559 216 209 235 225
patient0097_0189 0 0.3682 214 210 235 225
patient0097_0191 0 0.2886 215 210 232 223
patient0097_0192 0 0.4704 221 209 232 223
patient0097_0193 0 0.5071 220 209 231 221
patient0097_0194 0 0.4801 217 210 230 221
patient0097_0195 0 0.3664 217 210 228 220
patient0097_0197 0 0.4520 216 210 225 219
patient0098_0005 0 0.2912 339 348 360 378
patient0098_0179 0 0.2810 207 277 216 292
patient0098_0180 0 0.2676 207 278 217 292
patient0098_0182 0 0.3088 199 277 218 294
patient0098_0183 0 0.5046 196 262 219 294
patient0098_0184 0 0.4882 194 261 220 294
patient0098_0185 0 0.4277 193 262 219 294
patient0098_0186 0 0.6603 193 261 221 294
patient0098_0187 0 0.7258 192 260 219 295
patient0098_0188 0 0.7609 193 259 219 295
patient0098_0189 0 0.7845 192 258 219 295
patient0098_0190 0 0.6256 191 256 219 295
patient0098_0191 0 0.6726 191 255 220 295
patient0098_0192 0 0.5800 191 254 220 295
patient0098_0194 0 0.6085 187 247 219 296
patient0098_0195 0 0.7359 187 246 218 295
patient0098_0196 0 0.8199 186 245 220 295
patient0098_0197 0 0.8679 185 245 222 295
patient0098_0198 0 0.8427 182 243 223 295
patient0098_0199 0 0.8121 182 243 224 295
patient0098_0200 0 0.7707 181 243 225 296
patient0098_0201 0 0.8372 178 244 226 296
patient0098_0202 0 0.7797 177 244 227 296
patient0098_0203 0 0.7823 177 244 227 296
patient0098_0204 0 0.7615 177 243 228 297
patient0098_0205 0 0.7099 200 245 228 296
patient0098_0206 0 0.7435 184 243 228 297
patient0098_0207 0 0.7402 187 245 229 296
patient0098_0208 0 0.7257 189 249 229 296
patient0098_0209 0 0.7323 188 250 230 295
patient0098_0210 0 0.6544 189 250 229 295
patient0098_0211 0 0.5180 191 251 230 295
patient0098_0212 0 0.4176 192 252 230 295
patient0098_0213 0 0.5169 193 251 229 295
patient0098_0214 0 0.4641 194 252 229 294
patient0098_0215 0 0.4974 201 251 229 295
patient0098_0216 0 0.6674 198 250 229 294
patient0098_0217 0 0.5976 201 247 230 294
patient0098_0218 0 0.6219 203 248 229 294
patient0098_0219 0 0.5351 203 247 229 294
patient0098_0221 0 0.4260 203 250 231 293
patient0098_0222 0 0.6969 202 249 230 293
patient0098_0223 0 0.6018 202 248 229 293
patient0098_0224 0 0.5461 202 247 229 293
patient0098_0225 0 0.3028 202 248 230 293
patient0098_0229 0 0.3585 199 246 231 291
patient0098_0233 0 0.2607 211 247 238 288
patient0098_0235 0 0.2799 217 244 229 259
patient0098_0236 0 0.2817 217 242 236 275
patient0098_0237 0 0.4738 216 243 235 278
patient0098_0241 0 0.6374 212 242 232 267
patient0098_0242 0 0.5851 214 242 230 264
patient0098_0243 0 0.5159 213 242 231 262
patient0098_0244 0 0.3967 214 242 228 261
patient0098_0246 0 0.3443 208 242 228 261
patient0098_0247 0 0.3691 209 242 227 258
patient0098_0248 0 0.3092 209 242 222 257
patient0098_0249 0 0.3564 210 242 221 254
patient0098_0250 0 0.4056 210 242 222 254
patient0098_0251 0 0.4610 211 242 221 252
patient0098_0252 0 0.3802 211 242 220 252
patient0098_0253 0 0.2884 211 242 219 251
patient0099_0218 0 0.3441 166 271 189 303
patient0099_0219 0 0.4643 166 271 189 304
patient0099_0220 0 0.5968 167 270 190 305
patient0099_0221 0 0.5054 167 269 190 306
patient0099_0222 0 0.5314 165 268 190 306
patient0099_0224 0 0.2734 163 263 191 306
patient0099_0225 0 0.4172 164 264 192 307
patient0099_0226 0 0.4467 164 264 191 307
patient0099_0227 0 0.5065 163 263 192 308
patient0099_0228 0 0.3094 162 262 193 309
patient0099_0229 0 0.6678 162 261 192 310
patient0099_0230 0 0.6035 161 260 192 310
patient0099_0231 0 0.5840 161 259 197 311
patient0099_0232 0 0.5914 160 258 198 311
patient0099_0233 0 0.6740 160 252 211 311
patient0099_0234 0 0.7765 159 251 211 310
patient0099_0235 0 0.8383 157 250 212 312
patient0099_0236 0 0.8440 157 250 212 313
patient0099_0237 0 0.8696 157 250 213 313
patient0099_0238 0 0.8632 156 250 214 314
patient0099_0239 0 0.8801 156 249 216 314
patient0099_0240 0 0.8903 155 250 217 314
patient0099_0241 0 0.8983 155 250 217 314
patient0099_0242 0 0.8918 154 251 217 315
patient0099_0243 0 0.8879 152 251 217 315
patient0099_0244 0 0.8914 152 250 217 314
patient0099_0245 0 0.8841 152 250 218 315
patient0099_0246 0 0.8878 151 251 218 315
patient0099_0247 0 0.8749 151 251 218 316
patient0099_0248 0 0.8760 150 251 218 316
patient0099_0249 0 0.8662 150 251 218 316
patient0099_0250 0 0.8608 150 251 217 317
patient0099_0251 0 0.8552 149 252 217 316
patient0099_0252 0 0.8366 149 252 218 316
patient0099_0253 0 0.8161 149 253 219 316
patient0099_0254 0 0.6715 172 254 218 316
patient0099_0254 0 0.3002 149 254 219 316
patient0099_0255 0 0.8486 176 255 218 316
patient0099_0256 0 0.8645 176 254 220 317
patient0099_0257 0 0.8765 176 255 222 317
patient0099_0258 0 0.8340 176 255 222 317
patient0099_0259 0 0.8239 176 254 223 316
patient0099_0260 0 0.7741 174 255 225 316
patient0099_0261 0 0.7146 176 255 224 316
patient0099_0262 0 0.6832 175 256 224 317
patient0099_0262 0 0.3009 194 257 226 295
patient0099_0263 0 0.6865 172 259 224 316
patient0099_0264 0 0.6499 173 259 223 318
patient0099_0265 0 0.5094 197 260 221 289
patient0099_0265 0 0.2596 197 260 219 282
patient0099_0266 0 0.3721 196 260 218 280
patient0099_0267 0 0.4035 195 260 218 280
patient0099_0268 0 0.6634 196 260 220 287
patient0099_0269 0 0.4408 199 260 221 283
patient0099_0270 0 0.5941 195 258 218 282
patient0099_0271 0 0.5874 196 259 217 284
patient0099_0273 0 0.3098 200 261 216 291
patient0099_0274 0 0.4574 200 261 217 282
patient0099_0275 0 0.6509 199 260 217 283
patient0099_0276 0 0.5998 197 260 217 283
patient0099_0277 0 0.3613 198 260 216 279
patient0099_0279 0 0.3164 200 259 215 276
patient0099_0280 0 0.3243 202 259 215 276
patient0100_0213 0 0.5968 204 255 253 304
patient0100_0214 0 0.8481 204 251 253 306
patient0100_0215 0 0.8227 204 251 254 307
patient0100_0216 0 0.8572 203 251 256 308
patient0100_0217 0 0.8665 203 251 256 308
patient0100_0218 0 0.8610 203 251 256 308
patient0100_0219 0 0.8606 204 251 256 309
patient0100_0220 0 0.8377 206 251 257 308
patient0100_0221 0 0.8407 204 249 258 309
patient0100_0222 0 0.7872 204 249 258 309
patient0100_0223 0 0.7319 203 249 259 309
patient0100_0224 0 0.5325 202 250 263 309
patient0100_0225 0 0.6929 202 250 259 309
patient0100_0226 0 0.7920 200 249 258 310
patient0100_0227 0 0.8029 200 249 258 310
patient0100_0228 0 0.7192 199 248 259 310
patient0100_0229 0 0.7122 199 248 261 310
patient0100_0230 0 0.5823 200 248 262 310
patient0100_0231 0 0.7196 220 251 262 310
patient0100_0231 0 0.2697 219 279 257 311
patient0100_0232 0 0.7657 220 250 262 310
patient0100_0232 0 0.3210 219 277 257 310
patient0100_0233 0 0.5896 220 248 265 310
patient0100_0233 0 0.2642 219 277 248 310
patient0100_0233 0 0.2640 247 247 262 280
patient0100_0234 0 0.6831 220 249 264 310
patient0100_0234 0 0.3375 219 276 260 310
patient0100_0235 0 0.7168 220 251 263 309
patient0100_0235 0 0.6896 219 275 263 310
patient0100_0236 0 0.7819 220 250 264 310
patient0100_0237 0 0.8286 219 251 264 309
patient0100_0238 0 0.8397 219 252 263 309
patient0100_0239 0 0.8484 220 253 264 309
patient0100_0240 0 0.8474 219 254 265 309
patient0100_0241 0 0.8200 219 252 263 309
patient0100_0242 0 0.7654 220 252 264 308
patient0100_0243 0 0.7916 219 251 264 308
patient0100_0244 0 0.7781 218 252 265 307
patient0100_0245 0 0.6849 215 252 263 306
patient0100_0245 0 0.3107 248 251 266 272
patient0100_0246 0 0.8078 216 251 263 307
patient0100_0246 0 0.2930 249 250 266 271
patient0100_0247 0 0.7584 215 251 263 307
patient0100_0248 0 0.6417 214 251 263 307
patient0100_0249 0 0.5952 213 251 263 306
patient0100_0250 0 0.6148 213 252 263 306
patient0100_0250 0 0.2939 247 252 264 267
patient0100_0251 0 0.4348 247 251 263 265
patient0100_0251 0 0.3099 213 251 262 307
patient0100_0252 0 0.4036 250 250 263 264
patient0100_0252 0 0.3131 213 251 262 307
patient0100_0253 0 0.4134 247 250 262 263
patient0100_0255 0 0.3179 250 250 260 263
patient0100_0256 0 0.4359 250 250 259 262
patient0100_0257 0 0.2802 251 250 259 262
